              0              0              0              0              0  
  -.2152394E-01  -.2492630E-01  -.1660320E-01  -.1628946E-02  -.3625502E-02
  -.3648368E-02  -.3681620E-02  -.3721034E-02  -.3750089E-02  -.3738032E-02
  -.3673533E-02  -.3584747E-02  -.3504298E-02  -.3445562E-02  -.3429617E-02
  -.3478938E-02  -.3573966E-02  -.3664112E-02  -.3695718E-02  -.3636242E-02
  -.3525473E-02  -.3446245E-02  -.3437627E-02  -.3478673E-02  -.3518765E-02
  -.3499354E-02  -.3390544E-02  -.3232303E-02  -.3147542E-02  -.3251164E-02
  -.3486177E-02  -.3670848E-02  -.3671102E-02  -.3485949E-02  -.3264140E-02
  -.3191513E-02  -.3332187E-02  -.3585141E-02  -.3837414E-02  -.4039720E-02
  -.4103072E-02  -.3957462E-02  -.3670201E-02  -.3364699E-02  -.3090132E-02
  -.2821767E-02  -.2518786E-02  -.2277484E-02  -.2289930E-02  -.2603440E-02
  -.3075505E-02  -.3484539E-02  -.3696277E-02  -.3728675E-02  -.3657950E-02
  -.3580109E-02  -.3572862E-02  -.3621206E-02  -.3735600E-02  -.3992025E-02
  -.4313674E-02  -.4357925E-02  -.3840480E-02  -.2868352E-02  -.1900186E-02
  -.1514675E-02  -.1973291E-02  -.2932481E-02  -.3763005E-02  -.4096393E-02
  -.4019319E-02  -.3877400E-02  -.3931194E-02  -.4181918E-02  -.4332003E-02
  -.4092163E-02  -.3616720E-02  -.3082426E-02  -.2217868E-02  -.6832009E-03
   .1435262E-02   .3735670E-02   .5974779E-02   .8168786E-02   .1037185E-01
   .1210523E-01   .1244041E-01   .1128452E-01   .9532239E-02   .7975096E-02
   .7109004E-02   .7460942E-02   .9092396E-02   .1126458E-01   .1317118E-01
   .1442729E-01   .1492321E-01   .1472610E-01   .1415808E-01   .1369527E-01
   .1353090E-01   .1356501E-01   .1379402E-01   .1438069E-01   .1538586E-01
   .1655966E-01   .1726248E-01   .1692273E-01   .1570589E-01   .1422391E-01
   .1291689E-01   .1187668E-01   .1091776E-01   .9830569E-02   .8539216E-02
   .7074896E-02   .5587488E-02   .4620004E-02   .4797783E-02   .5926106E-02
   .6574361E-02   .4516704E-02  -.1054214E-02  -.8475624E-02  -.1565508E-01
  -.2192778E-01  -.2748926E-01  -.3031734E-01  -.2683809E-01  -.1724354E-01
  -.5621835E-02   .4732869E-02   .1340271E-01   .2179664E-01   .3141615E-01
   .4251169E-01   .5282944E-01   .5861248E-01   .5885892E-01   .5650540E-01
   .5483873E-01   .5485916E-01   .5571945E-01   .5613517E-01   .5544045E-01
   .5393770E-01   .5380160E-01   .5872286E-01   .6983546E-01   .8243116E-01
   .8842525E-01   .8418511E-01   .7392048E-01   .6417126E-01   .5799325E-01
   .5431317E-01   .5041464E-01   .4446974E-01   .3658875E-01   .2786996E-01
   .1928620E-01   .1127781E-01   .3617141E-02  -.4179795E-02  -.1233387E-01
  -.2083817E-01  -.2958600E-01  -.3837319E-01  -.4721873E-01  -.5622355E-01
  -.6540548E-01  -.7484865E-01  -.8445426E-01  -.9391605E-01  -.1030940E+00
  -.1097288E+00  -.1087432E+00  -.9939538E-01  -.8802720E-01  -.8043752E-01
  -.7764612E-01  -.7844349E-01  -.8111513E-01  -.8380543E-01  -.8350028E-01
  -.7553587E-01  -.5840146E-01  -.3674060E-01  -.1495341E-01   .1051689E-01
   .4667112E-01   .9361852E-01   .1395781E+00   .1650194E+00   .1614544E+00
   .1424008E+00   .1281976E+00   .1273796E+00   .1345621E+00   .1401403E+00
   .1390753E+00   .1325996E+00   .1248974E+00   .1191886E+00   .1159994E+00
   .1141029E+00   .1120250E+00   .1090128E+00   .1052940E+00   .1014625E+00
   .9791304E-01   .9392356E-01   .8773075E-01   .7866467E-01   .6813780E-01
   .5771082E-01   .4526646E-01   .2558136E-01  -.2816586E-02  -.3561949E-01
  -.6789945E-01  -.9299662E-01  -.1004087E+00  -.8734795E-01  -.6476530E-01
  -.4536283E-01  -.3312375E-01  -.2435515E-01  -.1330631E-01   .3966313E-02
   .2783839E-01   .5543303E-01   .8086691E-01   .9398188E-01   .8746539E-01
   .6686669E-01   .4478585E-01   .2870030E-01   .1776533E-01   .6610561E-02
  -.8990157E-02  -.2921511E-01  -.5146901E-01  -.7314745E-01  -.9276431E-01
  -.1066451E+00  -.1085490E+00  -.9807034E-01  -.8275502E-01  -.6983019E-01
  -.6111437E-01  -.5337848E-01  -.4163340E-01  -.2376119E-01  -.1964329E-02
   .2001130E-01   .4017268E-01   .5909853E-01   .7610141E-01   .8389213E-01
   .7482081E-01   .5223839E-01   .2709855E-01   .7229440E-02  -.6254216E-02
  -.1676868E-01  -.2868293E-01  -.4415292E-01  -.6214402E-01  -.8036544E-01
  -.9714034E-01  -.1074075E+00  -.1019587E+00  -.7895435E-01  -.4811646E-01
  -.1993993E-01   .2592189E-02   .1825428E-01   .2073638E-01   .7692646E-02
  -.1271657E-01  -.3113804E-01  -.4583068E-01  -.6121824E-01  -.8085201E-01
  -.1038242E+00  -.1266515E+00  -.1470746E+00  -.1649248E+00  -.1760653E+00
  -.1730148E+00  -.1559930E+00  -.1337567E+00  -.1137101E+00  -.9659271E-01
  -.7953727E-01  -.6003164E-01  -.3828089E-01  -.2099419E-01  -.1732075E-01
  -.2784496E-01  -.4390191E-01  -.5725927E-01  -.6549393E-01  -.6850338E-01
  -.6637055E-01  -.6160668E-01  -.5768551E-01  -.5583737E-01  -.5505270E-01
  -.5374080E-01  -.5083868E-01  -.4687649E-01  -.4467959E-01  -.4683175E-01
  -.5281757E-01  -.5987978E-01  -.6587089E-01  -.7080568E-01  -.7447234E-01
  -.7149030E-01  -.5497127E-01  -.2665859E-01   .4525082E-02   .3227910E-01
   .5180269E-01   .5544453E-01   .4190339E-01   .2070444E-01   .2271408E-02
  -.9893972E-02  -.1798299E-01  -.2564039E-01  -.3587328E-01  -.4920362E-01
  -.6393319E-01  -.7786471E-01  -.8620029E-01  -.8265688E-01  -.6711389E-01
  -.4703449E-01  -.2937456E-01  -.1632163E-01  -.1051330E-01  -.1563252E-01
  -.2930280E-01  -.4446082E-01  -.5641072E-01  -.6523204E-01  -.7420817E-01
  -.8502663E-01  -.9171839E-01  -.8317462E-01  -.5668884E-01  -.2174625E-01
   .1056561E-01   .3538077E-01   .5380852E-01   .7053977E-01   .8848687E-01
   .1031524E+00   .1084727E+00   .1053025E+00   .9953216E-01   .9568254E-01
   .9418231E-01   .9403690E-01   .9412363E-01   .9184533E-01   .8569055E-01
   .7729010E-01   .6907155E-01   .6224075E-01   .5655105E-01   .5100816E-01
   .4475335E-01   .3783055E-01   .3068886E-01   .2364491E-01   .1698686E-01
   .1050967E-01   .4675615E-02   .3017765E-02   .1021782E-01   .2568061E-01
   .4364962E-01   .5956114E-01   .7259809E-01   .8059428E-01   .7738214E-01
   .6134110E-01   .3937630E-01   .1982234E-01   .6228052E-02  -.3455910E-02
  -.9705063E-02  -.6175407E-02   .1075494E-01   .3536804E-01   .5961491E-01
   .7528694E-01   .7272102E-01   .5067117E-01   .2038965E-01  -.5927355E-02
  -.2204711E-01  -.2558523E-01  -.1925696E-01  -.1151747E-01  -.1085767E-01
  -.1982193E-01  -.3368348E-01  -.4586417E-01  -.5386480E-01  -.5944292E-01
  -.5288195E-01  -.3687883E-02   .8957245E-01   .1672763E+00   .1786663E+00
   .1383923E+00   .9226788E-01   .6757094E-01   .6193485E-01   .5898638E-01
   .4617670E-01   .2191063E-01  -.8188749E-02  -.3705187E-01  -.6006332E-01
  -.7710503E-01  -.9157238E-01  -.1047209E+00  -.1115310E+00  -.1083704E+00
  -.9921519E-01  -.9007280E-01  -.8331666E-01  -.7765326E-01  -.7106552E-01
  -.6256799E-01  -.5315653E-01  -.4853418E-01  -.5641285E-01  -.7703238E-01
  -.9913505E-01  -.1081718E+00  -.9998089E-01  -.8377608E-01  -.7132638E-01
  -.6692456E-01  -.6700845E-01  -.6635576E-01  -.6042852E-01  -.2939890E-01
   .4302842E-01   .1194672E+00   .1478622E+00   .1294383E+00   .1013283E+00
   .9092160E-01   .9992946E-01   .1141604E+00   .1206007E+00   .1159080E+00
   .1081485E+00   .1129257E+00   .1346869E+00   .1554601E+00   .1560840E+00
   .1378170E+00   .1151046E+00   .9875362E-01   .8989391E-01   .8329949E-01
   .7321688E-01   .5766977E-01   .3891794E-01   .2024360E-01   .2823349E-02
  -.1416060E-01  -.3171002E-01  -.4998837E-01  -.6618526E-01  -.7477044E-01
  -.7414483E-01  -.6915424E-01  -.6540470E-01  -.6461013E-01  -.6527894E-01
  -.6512183E-01  -.6400443E-01  -.6596405E-01  -.7243451E-01  -.7669550E-01
  -.7277754E-01  -.6274173E-01  -.5209439E-01  -.4452064E-01  -.4194543E-01
  -.4487599E-01  -.5117525E-01  -.5739243E-01  -.6172953E-01  -.6310471E-01
  -.5819464E-01  -.4484139E-01  -.2632112E-01  -.8076111E-02   .6839899E-02
   .1663610E-01   .1857800E-01   .1232829E-01   .7092480E-03  -.1617400E-01
  -.4041998E-01  -.7050888E-01  -.9581693E-01  -.9727528E-01  -.6638253E-01
  -.1713282E-01   .2600235E-01   .4066976E-01   .2010413E-01  -.1924353E-01
  -.5415134E-01  -.7306333E-01  -.7886361E-01  -.8228823E-01  -.9162104E-01
  -.1069285E+00  -.1220092E+00  -.1284987E+00  -.1214867E+00  -.1015422E+00
  -.7024354E-01  -.3225059E-01  -.8282081E-03   .1131312E-01   .6757817E-02
  -.7667907E-03  -.1462276E-02   .4925317E-02   .1303465E-01   .1951667E-01
   .2806505E-01   .4437643E-01   .6752423E-01   .9052221E-01   .1058247E+00
   .1094880E+00   .1044947E+00   .9781649E-01   .9247165E-01   .8603742E-01
   .7627209E-01   .6367526E-01   .4985097E-01   .3633608E-01   .2407023E-01
   .1318943E-01   .2978734E-02  -.7406551E-02  -.1840260E-01  -.3114042E-01
  -.4752043E-01  -.6366458E-01  -.6722057E-01  -.5088227E-01  -.2295961E-01
   .1577339E-02   .1568668E-01   .2316135E-01   .3066321E-01   .4011677E-01
   .4940870E-01   .5558665E-01   .5507377E-01   .4667374E-01   .3385159E-01
   .2106444E-01   .1103672E-01   .9561990E-02   .2500864E-01   .5518709E-01
   .8183311E-01   .8628371E-01   .6884440E-01   .4521832E-01   .2869017E-01
   .2140221E-01   .1739469E-01   .1022432E-01  -.2239963E-02  -.1827980E-01
  -.3191183E-01  -.3357736E-01  -.1942862E-01   .3750133E-02   .2630115E-01
   .4178051E-01   .4583513E-01   .3824282E-01   .2550805E-01   .1507961E-01
   .9209182E-02   .5146437E-02  -.9663173E-03  -.1055188E-01  -.2235148E-01
  -.3338862E-01  -.4110483E-01  -.4445543E-01  -.4179852E-01  -.3238815E-01
  -.1927788E-01  -.6819123E-02   .3068054E-02   .1134534E-01   .2003332E-01
   .3044269E-01   .3938410E-01   .3878151E-01   .2516100E-01   .4346979E-02
  -.1560522E-01  -.3133584E-01  -.4476979E-01  -.5830584E-01  -.6733355E-01
  -.6214729E-01  -.4131366E-01  -.1445702E-01   .8165314E-02   .2319507E-01
   .3438708E-01   .4679230E-01   .5915531E-01   .6486066E-01   .6146058E-01
   .5329416E-01   .4571557E-01   .4050874E-01   .3585324E-01   .2946029E-01
   .2077932E-01   .1086575E-01   .9415096E-03  -.8400491E-02  -.1608478E-01
  -.1986990E-01  -.1905829E-01  -.1607529E-01  -.1377988E-01  -.1318997E-01
  -.1461252E-01  -.1942397E-01  -.2810325E-01  -.3688729E-01  -.3941239E-01
  -.3342707E-01  -.2319824E-01  -.1415966E-01  -.8333697E-02  -.4454535E-02
  -.1777043E-03   .5877621E-02   .1357123E-01   .2184291E-01   .2987000E-01
   .3593667E-01   .3521684E-01   .2413617E-01   .5850940E-02  -.1319147E-01
  -.2887130E-01  -.3786034E-01  -.3616389E-01  -.2520543E-01  -.1352984E-01
  -.8028917E-02  -.7775846E-02  -.7118156E-02  -.1881037E-02   .7681306E-02
   .1856075E-01   .2834270E-01   .3652556E-01   .4363885E-01   .4907982E-01
   .5085997E-01   .5005825E-01   .5208459E-01   .5978632E-01   .6710483E-01
   .6419991E-01   .4905184E-01   .2859058E-01   .8941426E-02  -.1083710E-01
  -.3405456E-01  -.6007866E-01  -.8441444E-01  -.9841720E-01  -.9448444E-01
  -.7656880E-01  -.5643952E-01  -.4073801E-01  -.2676184E-01  -.8577216E-02
   .1583592E-01   .4354040E-01   .6901630E-01   .8761963E-01   .9634125E-01
   .9254877E-01   .7786190E-01   .5932825E-01   .4335596E-01   .3456426E-01
   .3779324E-01   .5270500E-01   .7108364E-01   .8089246E-01   .7268508E-01
   .4847350E-01   .2008492E-01  -.2562846E-02  -.1714990E-01  -.2685959E-01
  -.3676811E-01  -.5017516E-01  -.6615831E-01  -.8101757E-01  -.9246515E-01
  -.1003007E+00  -.1025860E+00  -.9689072E-01  -.8532050E-01  -.7290827E-01
  -.6264497E-01  -.5448067E-01  -.4692588E-01  -.3854784E-01  -.2887549E-01
  -.1821615E-01  -.6414149E-02   .7496080E-02   .2357870E-01   .4041109E-01
   .5677853E-01   .6957284E-01   .7220969E-01   .6241053E-01   .4647122E-01
   .3199998E-01   .2094984E-01   .1270694E-01   .1010640E-01   .1522550E-01
   .2450870E-01   .3297053E-01   .3885083E-01   .4311948E-01   .4523772E-01
   .4227883E-01   .3377605E-01   .2309538E-01   .1291118E-01   .2965641E-02
  -.7938287E-02  -.2029451E-01  -.3360077E-01  -.4728600E-01  -.6044063E-01
  -.6890191E-01  -.6771027E-01  -.5785456E-01  -.4548479E-01  -.3580435E-01
  -.2993430E-01  -.2581140E-01  -.2081367E-01  -.1373342E-01  -.4925341E-02
   .5210719E-02   .1615381E-01   .2596262E-01   .3307648E-01   .3732559E-01
   .3771470E-01   .3324537E-01   .2550877E-01   .1756285E-01   .1287533E-01
   .1442938E-01   .2315440E-01   .3418571E-01   .4143946E-01   .4601421E-01
   .4971720E-01   .5322261E-01   .5807954E-01   .6422355E-01   .7072720E-01
   .7501801E-01   .7320288E-01   .6452796E-01   .5277039E-01   .4185091E-01
   .3385494E-01   .3190456E-01   .3901394E-01   .5310536E-01   .6757316E-01
   .7476987E-01   .7014031E-01   .5685052E-01   .4277929E-01   .3290436E-01
   .2684228E-01   .2152877E-01   .1446672E-01   .4911347E-02  -.3381529E-02
   .2869067E-03   .2056555E-01   .4237765E-01   .4689408E-01   .3328426E-01
   .1440443E-01   .1125552E-02  -.4391013E-02  -.6702880E-02  -.1288951E-01
  -.2282520E-01  -.2557481E-01  -.1464047E-01   .4383851E-02   .2289641E-01
   .3667128E-01   .4665182E-01   .5615522E-01   .6764964E-01   .8142270E-01
   .9643971E-01   .1117790E+00   .1256621E+00   .1307437E+00   .1173354E+00
   .8486324E-01   .4269096E-01   .1074407E-02  -.3590164E-01  -.6926393E-01
  -.9452557E-01  -.1015091E+00  -.9249141E-01  -.8500460E-01  -.9151809E-01
  -.1088006E+00  -.1267595E+00  -.1361612E+00  -.1279745E+00  -.9878679E-01
  -.6020926E-01  -.3432286E-01  -.3402878E-01  -.5144956E-01  -.6937444E-01
  -.7794440E-01  -.7883951E-01  -.6957631E-01  -.3653618E-01   .1267689E-01
   .4437580E-01   .4307276E-01   .2483588E-01   .1213889E-01   .1432426E-01
   .2621192E-01   .3792146E-01   .4180158E-01   .3348938E-01   .1438524E-01
  -.8486288E-02  -.2862804E-01  -.4465051E-01  -.5704881E-01  -.6198030E-01
  -.5512050E-01  -.3970584E-01  -.2369545E-01  -.1283634E-01  -.8110912E-02
  -.7370457E-02  -.1166087E-01  -.2575915E-01  -.4972364E-01  -.7669555E-01
  -.9751193E-01  -.1064642E+00  -.1061497E+00  -.1039072E+00  -.1043021E+00
  -.1058888E+00  -.1030189E+00  -.9198251E-01  -.7651220E-01  -.6576690E-01
  -.6492420E-01  -.7056087E-01  -.7615474E-01  -.7826290E-01  -.7758526E-01
  -.7675078E-01  -.7769009E-01  -.8048003E-01  -.8396356E-01  -.8702440E-01
  -.8961568E-01  -.8989088E-01  -.7917700E-01  -.4963495E-01  -.1186546E-01
   .1080243E-01   .9089322E-02  -.5544624E-02  -.1735070E-01  -.1975721E-01
  -.1597151E-01  -.1249702E-01  -.1334411E-01  -.1827191E-01  -.2458207E-01
  -.3013052E-01  -.3365122E-01  -.3276328E-01  -.2522546E-01  -.1262550E-01
   .7249545E-03   .1205890E-01   .2161149E-01   .3119114E-01   .4134331E-01
   .4862348E-01   .4822602E-01   .4101733E-01   .3333973E-01   .2992767E-01
   .3030846E-01   .3117938E-01   .3010058E-01   .2902334E-01   .3466961E-01
   .5129216E-01   .7480714E-01   .9510693E-01   .1022962E+00   .9299835E-01
   .7232483E-01   .4956013E-01   .3075825E-01   .1381454E-01  -.6506011E-02
  -.2788807E-01  -.4275787E-01  -.4852050E-01  -.4335126E-01  -.2312435E-01
   .7012593E-02   .3386014E-01   .5118431E-01   .6330690E-01   .7718817E-01
   .9231754E-01   .9891747E-01   .9074008E-01   .7234835E-01   .5015880E-01
   .2598088E-01   .5822279E-03  -.2279187E-01  -.3781658E-01  -.3925426E-01
  -.3013843E-01  -.1922743E-01  -.1222764E-01  -.1037391E-01  -.1378194E-01
  -.2109583E-01  -.2888215E-01  -.3470033E-01  -.3885629E-01  -.4124433E-01
  -.3800461E-01  -.2587301E-01  -.7620613E-02   .1135626E-01   .2872188E-01
   .4538936E-01   .6186671E-01   .7578984E-01   .8496793E-01   .9060482E-01
   .9204169E-01   .8338315E-01   .6212314E-01   .3935081E-01   .3477139E-01
   .5622702E-01   .8859487E-01   .1037535E+00   .8415565E-01   .3906916E-01
  -.8306177E-02  -.4338283E-01  -.6467995E-01  -.7682005E-01  -.8678242E-01
  -.9834619E-01  -.1039284E+00  -.9225395E-01  -.6418237E-01  -.3072881E-01
  -.3762234E-03   .2433888E-01   .3887479E-01   .3638672E-01   .1939128E-01
  -.6898747E-03  -.1541367E-01  -.2464029E-01  -.3315132E-01  -.4496008E-01
  -.6132733E-01  -.7737144E-01  -.7390030E-01  -.3398666E-01   .2178971E-01
   .5195676E-01   .4422719E-01   .1950536E-01   .1787992E-02  -.6441231E-03
   .5655639E-02   .1196021E-01   .1885917E-01   .3123604E-01   .4430469E-01
   .4753387E-01   .3938235E-01   .2755920E-01   .1914752E-01   .1554510E-01
   .1406894E-01   .1158440E-01   .6669626E-02   .7198592E-04  -.5082509E-02
  -.4614022E-02   .2472490E-02   .1272584E-01   .2246305E-01   .3109747E-01
   .4020504E-01   .5055746E-01   .6064077E-01   .6654065E-01   .6209372E-01
   .4385737E-01   .1784310E-01  -.5134340E-02  -.2477312E-01  -.4661009E-01
  -.6085316E-01  -.5384945E-01  -.3144488E-01  -.1022227E-01   .1371232E-02
   .6376951E-02   .1202185E-01   .1819951E-01   .1396418E-01  -.5300049E-02
  -.2836939E-01  -.4390477E-01  -.5147660E-01  -.5357605E-01  -.4793731E-01
  -.3334375E-01  -.1444186E-01   .3439743E-02   .1912860E-01   .3301989E-01
   .3953749E-01   .3233295E-01   .1552209E-01  -.3974985E-02  -.2462492E-01
  -.4676009E-01  -.6915448E-01  -.8492268E-01  -.8522127E-01  -.7115249E-01
  -.5299841E-01  -.3892927E-01  -.2988108E-01  -.2255307E-01  -.1409096E-01
  -.3619079E-02   .9270757E-02   .2625122E-01   .4828687E-01   .7322172E-01
   .9776719E-01   .1201382E+00   .1379759E+00   .1464652E+00   .1438226E+00
   .1342597E+00   .1213093E+00   .1045112E+00   .8407624E-01   .6561909E-01
   .5793880E-01   .6326285E-01   .7439346E-01   .8098390E-01   .7538318E-01
   .5807593E-01   .3706717E-01   .1978469E-01   .7275220E-02  -.5419512E-02
  -.2370524E-01  -.4807352E-01  -.7506152E-01  -.1007790E+00  -.1215560E+00
  -.1352536E+00  -.1440813E+00  -.1526296E+00  -.1635298E+00  -.1763952E+00
  -.1893568E+00  -.2011869E+00  -.2107931E+00  -.2147565E+00  -.2099119E+00
  -.1985578E+00  -.1864072E+00  -.1768645E+00  -.1695809E+00  -.1623795E+00
  -.1536147E+00  -.1431501E+00  -.1317615E+00  -.1214892E+00  -.1166112E+00
  -.1195702E+00  -.1236858E+00  -.1167990E+00  -.9507338E-01  -.6620733E-01
  -.3948231E-01  -.1820981E-01  -.5648772E-04   .1878922E-01   .3998525E-01
   .6266181E-01   .8531147E-01   .1071520E+00   .1283725E+00   .1496090E+00
   .1644635E+00   .1568926E+00   .1208106E+00   .7281904E-01   .3551703E-01
   .1622440E-01   .5684809E-02  -.8552515E-02  -.3068518E-01  -.5153268E-01
  -.5625180E-01  -.4149659E-01  -.1698452E-01   .8782648E-02   .3481855E-01
   .6268049E-01   .9060221E-01   .1126466E+00   .1250719E+00   .1301801E+00
   .1323400E+00   .1346316E+00   .1380730E+00   .1421089E+00   .1448411E+00
   .1414740E+00   .1275571E+00   .1052367E+00   .8129878E-01   .6031387E-01
   .4216461E-01   .2665791E-01   .1947271E-01   .2640799E-01   .4377554E-01
   .6234116E-01   .7571063E-01   .8286834E-01   .8718612E-01   .9187291E-01
   .9542304E-01   .9415566E-01   .8788700E-01   .7967252E-01   .7209733E-01
   .6564675E-01   .5941608E-01   .5250755E-01   .4470185E-01   .3638664E-01
   .2805319E-01   .1916221E-01   .8369201E-02  -.4627456E-02  -.1866129E-01
  -.3171498E-01  -.4188775E-01  -.4912095E-01  -.5534913E-01  -.6244773E-01
  -.7050451E-01  -.7594845E-01  -.7283657E-01  -.6003551E-01  -.4334903E-01
  -.3024342E-01  -.2523097E-01  -.2692998E-01  -.2930412E-01  -.2675756E-01
  -.1804516E-01  -.6360778E-02   .4301481E-02   .1233994E-01   .1792170E-01
   .2106241E-01   .2181049E-01   .2132376E-01   .2133024E-01   .2251809E-01
   .2429046E-01   .2567747E-01   .2630118E-01   .2586942E-01   .2313922E-01
   .1719756E-01   .8923456E-02   .2312930E-03  -.7654832E-02  -.1488221E-01
  -.2081367E-01  -.2252654E-01  -.1875646E-01  -.1216543E-01  -.6076342E-02
  -.1752185E-02   .1638107E-02   .5738468E-02   .9210278E-02   .3275917E-02
  -.2006852E-01  -.5351315E-01  -.7855392E-01  -.8323788E-01  -.7128307E-01
  -.5586182E-01  -.4686565E-01  -.4502348E-01  -.4550424E-01  -.4379207E-01
  -.3853115E-01  -.3093673E-01  -.2310449E-01  -.1648015E-01  -.1198455E-01
  -.1048439E-01  -.1134678E-01  -.1253174E-01  -.1131871E-01  -.5387621E-02
   .4690496E-02   .1440087E-01   .1643847E-01   .7214885E-02  -.6262106E-02
  -.1215138E-01  -.6475830E-02   .5642580E-02   .1852564E-01   .3014854E-01
   .3994227E-01   .4463203E-01   .3975784E-01   .2660358E-01   .1150805E-01
  -.8084436E-03  -.1008490E-01  -.1905928E-01  -.3017765E-01  -.4139472E-01
  -.4577740E-01  -.3971834E-01  -.2733392E-01  -.1444865E-01  -.3392452E-02
   .6776958E-02   .1804584E-01   .3063329E-01   .4025304E-01   .4191433E-01
   .3662653E-01   .2967848E-01   .2485172E-01   .2230077E-01   .2012907E-01
   .1670960E-01   .1170438E-01   .5560509E-02  -.1488330E-02  -.9475487E-02
  -.1684172E-01  -.1903679E-01  -.1274982E-01  -.4703882E-03   .1232334E-01
   .2227508E-01   .2942091E-01   .3590349E-01   .4325512E-01   .4890531E-01
   .4778040E-01   .3888674E-01   .2665749E-01   .1563167E-01   .6813495E-02
   .1867994E-04  -.2431986E-02   .1872087E-02   .1106083E-01   .2070443E-01
   .2838076E-01   .3445394E-01   .3867499E-01   .3892027E-01   .3472292E-01
   .2863454E-01   .2324678E-01   .1890140E-01   .1429420E-01   .8466348E-02
   .1417381E-02  -.6311478E-02  -.1396133E-01  -.2118114E-01  -.2810251E-01
  -.3490950E-01  -.4180844E-01  -.4887583E-01  -.5614674E-01  -.6225230E-01
  -.6178545E-01  -.4975638E-01  -.2875740E-01  -.7099665E-02   .8112894E-02
   .1608491E-01   .2172428E-01   .2989749E-01   .3696895E-01   .2970931E-01
   .8409685E-03  -.3949121E-01  -.6731560E-01  -.6374394E-01  -.3827911E-01
  -.1638598E-01  -.8024164E-02  -.5134488E-02   .2303892E-02   .1711691E-01
   .3298173E-01   .3973434E-01   .3425225E-01   .2380855E-01   .1888686E-01
   .2381063E-01   .3446656E-01   .4415315E-01   .4640136E-01   .3559644E-01
   .1277918E-01  -.1398384E-01  -.3755918E-01  -.5612632E-01  -.7083176E-01
  -.8322992E-01  -.9561800E-01  -.1085133E+00  -.1148044E+00  -.1042788E+00
  -.7723521E-01  -.4541778E-01  -.2026381E-01  -.4281031E-02   .8163720E-02
   .2233314E-01   .3530057E-01   .3914082E-01   .3134133E-01   .1733410E-01
   .3880041E-02  -.6718452E-02  -.1642651E-01  -.2417251E-01  -.2427894E-01
  -.1551946E-01  -.2236746E-02   .1118315E-01   .2282954E-01   .3341485E-01
   .4444497E-01   .5674771E-01   .6784269E-01   .7025310E-01   .5885158E-01
   .3819973E-01   .1772467E-01   .3949723E-02  -.2977976E-02  -.8161923E-02
  -.1786249E-01  -.3561168E-01  -.5973542E-01  -.8473882E-01  -.9866297E-01
  -.8478035E-01  -.4050259E-01   .1657961E-01   .6411394E-01   .8905875E-01
   .9277285E-01   .8388918E-01   .7009991E-01   .5701210E-01   .4680995E-01
   .3768196E-01   .2686368E-01   .1329454E-01  -.2349994E-02  -.1840069E-01
  -.3298743E-01  -.4530945E-01  -.5569219E-01  -.6185671E-01  -.5846944E-01
  -.4467616E-01  -.2682841E-01  -.1172761E-01  -.6043817E-03   .1063731E-01
   .2672269E-01   .4480712E-01   .5247054E-01   .4484591E-01   .3428793E-01
   .3320720E-01   .4118763E-01   .4958738E-01   .5079073E-01   .4422767E-01
   .3471376E-01   .2729193E-01   .2534234E-01   .2930615E-01   .3565002E-01
   .4022974E-01   .4045248E-01   .3456382E-01   .2350160E-01   .1108265E-01
   .9353359E-04  -.9286238E-02  -.1882242E-01  -.3187236E-01  -.5086911E-01
  -.7195567E-01  -.8340337E-01  -.7631682E-01  -.5549848E-01  -.3306620E-01
  -.1666596E-01  -.7194206E-02  -.1248267E-02   .6546224E-02   .1983850E-01
   .3723216E-01   .5139213E-01   .5407425E-01   .4502782E-01   .3166143E-01
   .2081635E-01   .1415110E-01   .9444261E-02   .3994967E-02  -.1954480E-02
  -.4313020E-02  -.5209617E-04   .8906782E-02   .1842476E-01   .2483224E-01
   .2499358E-01   .1862821E-01   .9527049E-02   .1462554E-02  -.5442201E-02
  -.1338530E-01  -.2376601E-01  -.3532515E-01  -.4323652E-01  -.4265076E-01
  -.3471919E-01  -.2508338E-01  -.1779978E-01  -.1313394E-01  -.8851529E-02
  -.3923092E-02  -.2693561E-02  -.1114923E-01  -.2733048E-01  -.4217814E-01
  -.5004748E-01  -.5181884E-01  -.4934455E-01  -.4362778E-01  -.3687555E-01
  -.3140943E-01  -.2752239E-01  -.2382957E-01  -.1980235E-01  -.1716667E-01
  -.1737989E-01  -.1955693E-01  -.2191497E-01  -.2358818E-01  -.2469259E-01
  -.2512974E-01  -.2399992E-01  -.2066138E-01  -.1581228E-01  -.1113557E-01
  -.7697012E-02  -.5099514E-02  -.2470868E-02   .5265419E-03   .3738180E-02
   .6424180E-02   .7036867E-02   .4548830E-02  -.3273763E-03  -.6188650E-02
  -.1313472E-01  -.2224555E-01  -.3220990E-01  -.4004647E-01  -.4505161E-01
  -.4901231E-01  -.5370737E-01  -.5958159E-01  -.6619957E-01  -.7144814E-01
  -.6939082E-01  -.5539349E-01  -.3381843E-01  -.1363529E-01  -.9611701E-03
   .2072323E-02  -.1794023E-02  -.6538208E-02  -.8079217E-02  -.6664985E-02
  -.4572422E-02  -.2478037E-02   .1454447E-02   .9863070E-02   .2378776E-01
   .4107365E-01   .5610741E-01   .6239851E-01   .5895631E-01   .5143140E-01
   .4527174E-01   .4144327E-01   .3812208E-01   .3355673E-01   .2726239E-01
   .1983959E-01   .1227691E-01   .5217736E-02  -.1270969E-02  -.7494520E-02
  -.1382181E-01  -.2033744E-01  -.2678201E-01  -.3275919E-01  -.3817993E-01
  -.4339375E-01  -.4871897E-01  -.5434481E-01  -.6011293E-01  -.6322247E-01
  -.5849135E-01  -.4508257E-01  -.2877248E-01  -.1517150E-01  -.5120949E-02
   .3758637E-02   .1417599E-01   .2573716E-01   .3132022E-01   .2247569E-01
   .2517652E-02  -.1287377E-01  -.1175164E-01   .2803947E-02   .1931301E-01
   .2980319E-01   .3387198E-01   .3581075E-01   .3974582E-01   .4640833E-01
   .5278188E-01   .5391954E-01   .4673783E-01   .3354764E-01   .1966577E-01
   .7941185E-02  -.2510211E-02  -.1388448E-01  -.2716733E-01  -.3960360E-01
  -.4549313E-01  -.4285393E-01  -.3588472E-01  -.2977894E-01  -.2642812E-01
  -.2465952E-01  -.2251591E-01  -.1890471E-01  -.1393613E-01  -.8431163E-02
  -.3249007E-02   .1316234E-02   .5460075E-02   .1008437E-01   .1662854E-01
   .2435886E-01   .3036784E-01   .3361385E-01   .3556631E-01   .3786124E-01
   .4114218E-01   .4505397E-01   .4823563E-01   .4898841E-01   .4704586E-01
   .4391852E-01   .4127263E-01   .3955925E-01   .3818829E-01   .3639034E-01
   .3392013E-01   .3106557E-01   .2810664E-01   .2525229E-01   .2257469E-01
   .1996155E-01   .1738237E-01   .1475958E-01   .1231299E-01   .1088978E-01
   .1092027E-01   .1169263E-01   .1237175E-01   .1256305E-01   .1241822E-01
   .1236972E-01   .1185142E-01   .9498941E-02   .4796838E-02  -.1300700E-02
  -.7884844E-02  -.1471486E-01  -.2167450E-01  -.2883484E-01  -.3618881E-01
  -.4400150E-01  -.4992675E-01  -.4369958E-01  -.1660800E-01   .2054925E-01
   .4475685E-01   .4627412E-01   .3449083E-01   .2375319E-01   .2065999E-01
   .2195995E-01   .2158571E-01   .1683534E-01   .8540770E-02  -.8434245E-03
  -.8468848E-02  -.1139246E-01  -.8320499E-02  -.1777781E-02   .4456417E-02
   .9027576E-02   .1296353E-01   .1734558E-01   .2127000E-01   .2259486E-01
   .2052383E-01   .1682919E-01   .1370149E-01   .1157215E-01   .9764341E-02
   .7532161E-02   .4569410E-02   .1078309E-02  -.2435404E-02  -.5567894E-02
  -.7584709E-02  -.7032153E-02  -.3652617E-02   .7634060E-03   .4682954E-02
   .7863206E-02   .1023407E-01   .1121127E-01   .8637704E-02  -.2770295E-03
  -.1512413E-01  -.3198215E-01  -.4749606E-01  -.6125327E-01  -.7479053E-01
  -.8723524E-01  -.9156697E-01  -.8128761E-01  -.5987269E-01  -.3726945E-01
  -.2011820E-01  -.8583630E-02   .1212480E-02   .1281960E-01   .2650826E-01
   .4073572E-01   .5422484E-01   .6593946E-01   .7524334E-01   .8235140E-01
   .8626759E-01   .8478991E-01   .7851592E-01   .7072079E-01   .6424743E-01
   .6091585E-01   .6127078E-01   .6329137E-01   .6274448E-01   .5636646E-01
   .4535773E-01   .3387279E-01   .2446532E-01   .1739388E-01   .1321928E-01
   .1313241E-01   .1613947E-01   .1911902E-01   .1909959E-01   .1446576E-01
   .5756604E-02  -.5013586E-02  -.1573553E-01  -.2355259E-01  -.2443944E-01
  -.1757180E-01  -.7365273E-02   .1400780E-02   .7016419E-02   .9470448E-02
   .8412053E-02   .4049687E-02  -.1344585E-02  -.5279894E-02  -.7211858E-02
  -.8295380E-02  -.1008849E-01  -.1313336E-01  -.1688970E-01  -.2067432E-01
  -.2410876E-01  -.2712394E-01  -.2994987E-01  -.3282825E-01  -.3588768E-01
  -.3921377E-01  -.4220074E-01  -.4351761E-01  -.4267561E-01  -.4051998E-01
  -.3818761E-01  -.3642003E-01  -.3511502E-01  -.3351517E-01  -.3043830E-01
  -.2507262E-01  -.1805597E-01  -.1074388E-01  -.4047988E-02   .1983703E-02
   .7619311E-02   .1295706E-01   .1716761E-01   .1771762E-01   .1293199E-01
   .4393188E-02  -.5257967E-02  -.1481045E-01  -.2429281E-01  -.3239049E-01
  -.3498098E-01  -.2971151E-01  -.1967465E-01  -.9783769E-02  -.1990230E-02
   .4842202E-02   .1223021E-01   .1966398E-01   .2484705E-01   .2616148E-01
   .2430622E-01   .2147889E-01   .1921285E-01   .1779489E-01   .1594072E-01
   .1161589E-01   .4421977E-02  -.4193398E-02  -.1251772E-01  -.1992384E-01
  -.2677765E-01  -.3364543E-01  -.4066188E-01  -.4674054E-01  -.5048207E-01
  -.5219348E-01  -.5347551E-01  -.5545047E-01  -.5822020E-01  -.6122232E-01
  -.6390235E-01  -.6446151E-01  -.5913639E-01  -.4667325E-01  -.3059096E-01
  -.1525840E-01  -.2346962E-02   .9128804E-02   .2093994E-01   .3418076E-01
   .4857014E-01   .6297055E-01   .7674833E-01   .8934088E-01   .9711544E-01
   .9527854E-01   .8476989E-01   .7185787E-01   .6140891E-01   .5297270E-01
   .4318022E-01   .3014918E-01   .1476884E-01   .6032047E-03  -.7597362E-02
  -.8466409E-02  -.5579641E-02  -.3133188E-02  -.3042864E-02  -.4892319E-02
  -.7151748E-02  -.8711610E-02  -.8674803E-02  -.5537516E-02   .1376161E-02
   .8885610E-02   .1245302E-01   .1128178E-01   .8877151E-02   .1021137E-01
   .1721628E-01   .2726106E-01   .3634222E-01   .4255337E-01   .4668514E-01
   .5068577E-01   .5357195E-01   .5062034E-01   .3992692E-01   .2500876E-01
   .1045102E-01  -.4151861E-03  -.4582097E-02  -.1747412E-02   .4163822E-02
   .9306341E-02   .1286782E-01   .1612156E-01   .1905070E-01   .1867416E-01
   .1297136E-01   .3772972E-02  -.5515552E-02  -.1292383E-01  -.1843560E-01
  -.2310594E-01  -.2823567E-01  -.3450675E-01  -.4124764E-01  -.4626826E-01
  -.4797149E-01  -.4770868E-01  -.4815038E-01  -.5036162E-01  -.5330880E-01
  -.5439336E-01  -.5120896E-01  -.4424331E-01  -.3624045E-01  -.2931229E-01
  -.2379441E-01  -.1852165E-01  -.1223617E-01  -.4850541E-02   .3054186E-02
   .1079250E-01   .1795519E-01   .2445175E-01   .3040992E-01   .3628108E-01
   .4234364E-01   .4861879E-01   .5494055E-01   .6091811E-01   .6504734E-01
   .6450790E-01   .5838517E-01   .4943072E-01   .4097414E-01   .3404732E-01
   .2778305E-01   .2095274E-01   .1289007E-01   .3531043E-02  -.6667884E-02
  -.1693943E-01  -.2685584E-01  -.3651714E-01  -.4606875E-01  -.5537091E-01
  -.6448053E-01  -.7296323E-01  -.7696742E-01  -.7169132E-01  -.5883198E-01
  -.4543511E-01  -.3591267E-01  -.2946180E-01  -.2299854E-01  -.1414816E-01
  -.2662858E-02   .9989479E-02   .2217613E-01   .3380014E-01   .4653004E-01
   .6014909E-01   .6881889E-01   .6608773E-01   .5364623E-01   .3913427E-01
   .2776177E-01   .1995098E-01   .1366209E-01   .6840880E-02  -.1453444E-02
  -.1100226E-01  -.2081761E-01  -.3005102E-01  -.3857599E-01  -.4677397E-01
  -.5375882E-01  -.5590374E-01  -.5056290E-01  -.3976736E-01  -.2781082E-01
  -.1742368E-01  -.8664689E-02  -.1116685E-04   .9435530E-02   .1871175E-01
   .2659225E-01   .3223756E-01   .3428172E-01   .3237872E-01   .2808206E-01
   .2289430E-01   .1715862E-01   .1089682E-01   .4213953E-02  -.3348311E-02
  -.1259540E-01  -.2358663E-01  -.3536181E-01  -.4653996E-01  -.5596686E-01
  -.6348112E-01  -.7020453E-01  -.7696801E-01  -.8232817E-01  -.8404242E-01
  -.8270993E-01  -.8176942E-01  -.8291541E-01  -.8301355E-01  -.7788547E-01
  -.6764482E-01  -.5581606E-01  -.4531178E-01  -.3667345E-01  -.2879387E-01
  -.2042329E-01  -.1102121E-01  -.8692205E-03   .9396938E-02   .1935050E-01
   .2893410E-01   .3838148E-01   .4794689E-01   .5570991E-01   .5682889E-01
   .4941432E-01   .3951628E-01   .3634441E-01   .4292628E-01   .5434734E-01
   .6429252E-01   .7040156E-01   .7418860E-01   .7825932E-01   .8407109E-01
   .9150783E-01   .9846421E-01   .9966445E-01   .9070096E-01   .7346133E-01
   .5293794E-01   .3190974E-01   .1004730E-01  -.1458368E-01  -.4284588E-01
  -.7285335E-01  -.9709039E-01  -.1049755E+00  -.9535890E-01  -.7866809E-01
  -.6529627E-01  -.5795139E-01  -.5307693E-01  -.4624159E-01  -.3569271E-01
  -.2233893E-01  -.7960178E-02   .6129333E-02   .1933464E-01   .2956093E-01
   .3266631E-01   .2781839E-01   .1947279E-01   .1247406E-01   .8209472E-02
   .5688211E-02   .4679884E-02   .5754014E-02   .8328316E-02   .1096439E-01
   .1298945E-01   .1453768E-01   .1417940E-01   .8806806E-02  -.2094759E-02
  -.1535137E-01  -.2770073E-01  -.3809076E-01  -.4625081E-01  -.5017631E-01
  -.4794968E-01  -.4135241E-01  -.3427865E-01  -.2893092E-01  -.2494694E-01
  -.2076775E-01  -.1507167E-01  -.7448384E-02   .1441805E-02   .1046662E-01
   .1893456E-01   .2689814E-01   .3472685E-01   .4270204E-01   .5071661E-01
   .5695337E-01   .5839366E-01   .5460177E-01   .4857248E-01   .4338724E-01
   .3991193E-01   .3719021E-01   .3395963E-01   .2971570E-01   .2457633E-01
   .2022190E-01   .2065343E-01   .2708528E-01   .3503696E-01   .4022043E-01
   .4250461E-01   .4408335E-01   .4673249E-01   .4895560E-01   .4632605E-01
   .3698709E-01   .2402769E-01   .1163470E-01   .1507913E-02  -.7270851E-02
  -.1655504E-01  -.2666593E-01  -.3351519E-01  -.3137166E-01  -.2036501E-01
  -.6415472E-02   .5402347E-02   .1414777E-01   .2181568E-01   .3077611E-01
   .4093630E-01   .4797622E-01   .4732180E-01   .3992837E-01   .3066275E-01
   .2288150E-01   .1676230E-01   .1089319E-01   .3991927E-02  -.4241936E-02
  -.1310094E-01  -.2133266E-01  -.2796483E-01  -.3322182E-01  -.3814889E-01
  -.4174028E-01  -.4067655E-01  -.3482354E-01  -.2845711E-01  -.2485007E-01
  -.2361366E-01  -.2263771E-01  -.2040443E-01  -.1679668E-01  -.1263275E-01
  -.8741598E-02  -.5430447E-02  -.2256467E-02   .1524898E-02   .6118559E-02
   .1112168E-01   .1612765E-01   .2099290E-01   .2573344E-01   .3057945E-01
   .3505971E-01   .3678307E-01   .3347786E-01   .2621484E-01   .1826876E-01
   .1169286E-01   .6321809E-02   .9832157E-03  -.5207846E-02  -.1181723E-01
  -.1693739E-01  -.1937821E-01  -.2049779E-01  -.2273393E-01  -.2705539E-01
  -.3251617E-01  -.3768741E-01  -.4205178E-01  -.4548842E-01  -.4613406E-01
  -.4169551E-01  -.3306405E-01  -.2359693E-01  -.1560733E-01  -.9021477E-02
  -.2541805E-02   .3415368E-02   .5241319E-02   .5087888E-03  -.8433640E-02
  -.1742609E-01  -.2439026E-01  -.2993946E-01  -.3584515E-01  -.4295974E-01
  -.4798434E-01  -.4398748E-01  -.2857030E-01  -.7775068E-02   .9637066E-02
   .1934778E-01   .2432503E-01   .3084583E-01   .4226026E-01   .5755799E-01
   .7203965E-01   .7693169E-01   .6601056E-01   .4445644E-01   .2382996E-01
   .1030484E-01   .1907403E-02  -.6636728E-02  -.1896300E-01  -.3526232E-01
  -.5339743E-01  -.6879720E-01  -.7420095E-01  -.6606841E-01  -.4976186E-01
  -.3389177E-01  -.2213921E-01  -.1069081E-01   .6641337E-02   .2992203E-01
   .5108318E-01   .6087654E-01   .5777058E-01   .4871006E-01   .4115723E-01
   .3699076E-01   .3362929E-01   .2837520E-01   .2100057E-01   .1293422E-01
   .5434808E-02  -.1217437E-02  -.7478154E-02  -.1379641E-01  -.2042061E-01
  -.2636356E-01  -.2864263E-01  -.2541594E-01  -.1856338E-01  -.1154521E-01
  -.6136838E-02  -.1824065E-02   .2693687E-02   .8281211E-02   .1485112E-01
   .2178258E-01   .2852636E-01   .3477264E-01   .4054449E-01   .4593562E-01
   .4924311E-01   .4651783E-01   .3666533E-01   .2410782E-01   .1399622E-01
   .7502536E-02   .2455728E-02  -.3214022E-02  -.1013422E-01  -.1788285E-01
  -.2554450E-01  -.3273211E-01  -.3921449E-01  -.4329230E-01  -.4278030E-01
  -.3814273E-01  -.3221386E-01  -.2676670E-01  -.2167630E-01  -.1636498E-01
  -.1040857E-01  -.3731415E-02   .3460985E-02   .1107107E-01   .1888821E-01
   .2672846E-01   .3349386E-01   .3601103E-01   .3244282E-01   .2503870E-01
   .1772808E-01   .1286228E-01   .9964947E-02   .7087427E-02   .2980660E-02
  -.2395088E-02  -.7425546E-02  -.9153187E-02  -.6309034E-02  -.1055928E-02
   .2620738E-02   .1662578E-02  -.3688843E-02  -.1033663E-01  -.1565771E-01
  -.1905517E-01  -.2046254E-01  -.1944740E-01  -.1644359E-01  -.1318170E-01
  -.1168694E-01  -.1322061E-01  -.1700439E-01  -.2053367E-01  -.2125264E-01
  -.1810995E-01  -.1258100E-01  -.7214063E-02  -.3303387E-02  -.5042696E-03
   .2217211E-02   .5702246E-02   .9977896E-02   .1443911E-01   .1887859E-01
   .2326602E-01   .2748367E-01   .3171788E-01   .3603369E-01   .4040917E-01
   .4491791E-01   .4935113E-01   .5372720E-01   .5879351E-01   .6521767E-01
   .7082394E-01   .7096759E-01   .6461410E-01   .5509380E-01   .4527880E-01
   .3597835E-01   .2692540E-01   .1755290E-01   .7361788E-02  -.3799440E-02
  -.1570582E-01  -.2801804E-01  -.4029159E-01  -.5226766E-01  -.6406599E-01
  -.7587315E-01  -.8771006E-01  -.9687759E-01  -.9853924E-01  -.9209385E-01
  -.8228389E-01  -.7339062E-01  -.6530884E-01  -.5590297E-01  -.4435178E-01
  -.3124972E-01  -.1773368E-01  -.4274226E-02   .9282852E-02   .2264022E-01
   .3205841E-01   .3046062E-01   .1608857E-01  -.4447076E-02  -.2311742E-01
  -.3622676E-01  -.4543772E-01  -.5491148E-01  -.6478548E-01  -.6776140E-01
  -.5744509E-01  -.3704531E-01  -.1499837E-01   .3394398E-02   .1808991E-01
   .3175905E-01   .4646523E-01   .6293902E-01   .8000205E-01   .9150608E-01
   .9084318E-01   .7987247E-01   .6635562E-01   .5588182E-01   .4906765E-01
   .4318964E-01   .3547036E-01   .2436647E-01   .8799801E-02  -.1039682E-01
  -.3025771E-01  -.4886149E-01  -.6617795E-01  -.8217964E-01  -.9463388E-01
  -.9851430E-01  -.8579941E-01  -.5138339E-01  -.2002541E-02   .4846448E-01
   .8457260E-01   .9336253E-01   .7769254E-01   .5552595E-01   .4144744E-01
   .3708713E-01   .3579637E-01   .3055811E-01   .1966340E-01   .5733028E-02
  -.8572454E-02  -.2168105E-01  -.3339866E-01  -.4462491E-01  -.5606593E-01
  -.6805626E-01  -.8037261E-01  -.8926819E-01  -.8895273E-01  -.7898621E-01
  -.6490530E-01  -.5242443E-01  -.4337605E-01  -.3561105E-01  -.2622343E-01
  -.1350379E-01   .2441017E-02   .1901703E-01   .3375915E-01   .4638016E-01
   .5796340E-01   .6984059E-01   .8262222E-01   .9595351E-01   .1087237E+00
   .1194978E+00   .1251894E+00   .1221328E+00   .1114024E+00   .9863082E-01
   .8853262E-01   .8121251E-01   .7427832E-01   .6620876E-01   .5626017E-01
   .4506621E-01   .3372614E-01   .2261699E-01   .1187253E-01   .1243708E-02
  -.9374110E-02  -.2005331E-01  -.3106736E-01  -.4209785E-01  -.5300981E-01
  -.6383366E-01  -.7406342E-01  -.8333068E-01  -.9189101E-01  -.1005459E+00
  -.1094321E+00  -.1183854E+00  -.1274885E+00  -.1366278E+00  -.1451348E+00
  -.1494409E+00  -.1448629E+00  -.1318135E+00  -.1160668E+00  -.1024859E+00
  -.9107790E-01  -.7893660E-01  -.6415293E-01  -.4726933E-01  -.2973234E-01
  -.1258679E-01   .4099448E-02   .2124309E-01   .3986833E-01   .5947098E-01
   .7507058E-01   .7829001E-01   .6570766E-01   .4317027E-01   .2000257E-01
   .1289876E-02  -.1390526E-01  -.2867456E-01  -.4525404E-01  -.6449075E-01
  -.8288075E-01  -.9039769E-01  -.7947184E-01  -.5524644E-01  -.2965232E-01
  -.9274370E-02   .6820356E-02   .2249325E-01   .3729637E-01   .4421414E-01
   .3950468E-01   .2824975E-01   .1733835E-01   .9018044E-02   .1202736E-02
  -.8600197E-02  -.2040159E-01  -.3307092E-01  -.4573147E-01  -.5781274E-01
  -.6954740E-01  -.8023956E-01  -.8682801E-01  -.8569355E-01  -.7763998E-01
  -.6775976E-01  -.5972290E-01  -.5358580E-01  -.4669239E-01  -.3690031E-01
  -.2442811E-01  -.1086432E-01   .2108945E-02   .1412614E-01   .2535409E-01
   .3361073E-01   .3662789E-01   .3567038E-01   .3397131E-01   .3395847E-01
   .3625953E-01   .4001115E-01   .4315604E-01   .4424367E-01   .4383764E-01
   .4351069E-01   .4260281E-01   .3452710E-01   .1275114E-01  -.1837503E-01
  -.4794174E-01  -.7056852E-01  -.8880827E-01  -.1052383E+00  -.1156121E+00
  -.1138678E+00  -.1008392E+00  -.8367258E-01  -.6852958E-01  -.5653242E-01
  -.4536906E-01  -.3247343E-01  -.1653458E-01   .2012621E-02   .2171684E-01
   .4137032E-01   .5767231E-01   .6478339E-01   .6119378E-01   .5260217E-01
   .4571607E-01   .4272149E-01   .4168170E-01   .3978028E-01   .3558146E-01
   .2957975E-01   .2322559E-01   .1748576E-01   .1265412E-01   .8982128E-02
   .6321768E-02   .5711787E-02   .1057655E-01   .2249640E-01   .3883442E-01
   .5563816E-01   .6991313E-01   .7974034E-01   .8531529E-01   .8848946E-01
   .8969390E-01   .8842766E-01   .8547689E-01   .8125569E-01   .7538468E-01
   .6782745E-01   .5817218E-01   .4582468E-01   .3085695E-01   .1507055E-01
   .1807847E-02  -.6728282E-02  -.1175579E-01  -.1635980E-01  -.2211965E-01
  -.2857046E-01  -.3473547E-01  -.3972298E-01  -.4295268E-01  -.4495869E-01
  -.4671276E-01  -.4870299E-01  -.4874497E-01  -.4284338E-01  -.3111140E-01
  -.1748772E-01  -.5188490E-02   .5351666E-02   .1526940E-01   .2592721E-01
   .3761281E-01   .4581621E-01   .4420512E-01   .3246740E-01   .1677586E-01
   .3084169E-02  -.7690232E-02  -.1796128E-01  -.2977070E-01  -.4352254E-01
  -.5764241E-01  -.6745518E-01  -.6812459E-01  -.6006345E-01  -.4879384E-01
  -.3950548E-01  -.3318633E-01  -.2780977E-01  -.2123485E-01  -.1286947E-01
  -.3387269E-02   .5972067E-02   .1432735E-01   .2048919E-01   .2207608E-01
   .1881135E-01   .1388282E-01   .1128919E-01   .1252962E-01   .1553548E-01
   .1727092E-01   .1568416E-01   .1090533E-01   .5092123E-02   .2649002E-04
  -.3986885E-02  -.7716943E-02  -.1192320E-01  -.1624106E-01  -.1917007E-01
  -.1946619E-01  -.1757035E-01  -.1526042E-01  -.1375037E-01  -.1273312E-01
  -.1156414E-01  -.1006390E-01  -.8112071E-02  -.5838369E-02  -.4362482E-02
  -.5747529E-02  -.1095398E-01  -.1833669E-01  -.2553389E-01  -.3154118E-01
  -.3650649E-01  -.3906818E-01  -.3632959E-01  -.2831711E-01  -.1836686E-01
  -.9478908E-02  -.2112872E-02   .5211824E-02   .1395097E-01   .2444284E-01
   .3584296E-01   .4690150E-01   .5435164E-01   .5340120E-01   .4364371E-01
   .3030227E-01   .1848617E-01   .9247243E-02   .1147409E-02  -.6309602E-02
  -.1050364E-01  -.8466527E-02  -.1495056E-02   .6128829E-02   .1145198E-01
   .1463086E-01   .1766380E-01   .2206758E-01   .2793490E-01   .3468076E-01
   .4131685E-01   .4606761E-01   .4734199E-01   .4473596E-01   .3926125E-01
   .3294378E-01   .2728535E-01   .2257186E-01   .1837044E-01   .1438184E-01
   .1058796E-01   .7560558E-02   .7373099E-02   .1108462E-01   .1639006E-01
   .2003498E-01   .2118231E-01   .2128961E-01   .2088764E-01   .1902398E-01
   .1549321E-01   .1116157E-01   .7565105E-02   .6968543E-02   .1049898E-01
   .1615631E-01   .2076241E-01   .2308009E-01   .2422380E-01   .2604469E-01
   .2935513E-01   .3306198E-01   .3457214E-01   .3263316E-01   .2874835E-01
   .2502264E-01   .2259406E-01   .2152504E-01   .2093210E-01   .1991682E-01
   .1831538E-01   .1635106E-01   .1437711E-01   .1268288E-01   .1131619E-01
   .1016083E-01   .9220726E-02   .8585822E-02   .8059721E-02   .7320145E-02
   .6107230E-02   .4213439E-02   .1873980E-02  -.3036190E-03  -.1858515E-02
  -.2805574E-02  -.3558886E-02  -.4535512E-02  -.5166593E-02  -.4082826E-02
  -.8618740E-03   .3501032E-02   .7612771E-02   .1111658E-01   .1440374E-01
   .1785226E-01   .2125937E-01   .2286629E-01   .2109166E-01   .1710628E-01
   .1359859E-01   .1181623E-01   .1118764E-01   .1038684E-01   .8456223E-02
   .5528727E-02   .2306658E-02  -.7073126E-03  -.3242344E-02  -.4304284E-02
  -.2351718E-02   .2737558E-02   .9094248E-02   .1475358E-01   .1936682E-01
   .2304945E-01   .2391805E-01   .1969459E-01   .1135344E-01   .1850031E-02
  -.7083162E-02  -.1537389E-01  -.2195977E-01  -.2323035E-01  -.1757611E-01
  -.8362997E-02  -.2408584E-03   .4619758E-02   .7199357E-02   .9834996E-02
   .1401815E-01   .1975731E-01   .2634316E-01   .3219988E-01   .3431955E-01
   .3119610E-01   .2463839E-01   .1702222E-01   .9484619E-02   .2201835E-02
  -.4799563E-02  -.1110598E-01  -.1655150E-01  -.2170509E-01  -.2698950E-01
  -.3071458E-01  -.2951588E-01  -.2275634E-01  -.1439579E-01  -.8776804E-02
  -.6504123E-02  -.5333159E-02  -.3202375E-02   .1513559E-03   .3683577E-02
   .6551498E-02   .8018842E-02   .7216494E-02   .4324922E-02   .5815323E-03
  -.2817556E-02  -.4559992E-02  -.2904691E-02   .2299762E-02   .8779451E-02
   .1429924E-01   .1790860E-01   .1952331E-01   .1918962E-01   .1643186E-01
   .1111845E-01   .4192485E-02  -.3046888E-02  -.9937195E-02  -.1654376E-01
  -.2263379E-01  -.2747829E-01  -.3028796E-01  -.3025671E-01  -.2736446E-01
  -.2249477E-01  -.1664692E-01  -.1047529E-01  -.4378447E-02   .1651961E-02
   .8011242E-02   .1465435E-01   .2086989E-01   .2530020E-01   .2635117E-01
   .2373426E-01   .1929060E-01   .1521675E-01   .1230736E-01   .1002954E-01
   .7436491E-02   .4102177E-02   .2204971E-03  -.3819448E-02  -.7699625E-02
  -.1127047E-01  -.1463410E-01  -.1799350E-01  -.2149555E-01  -.2488814E-01
  -.2677868E-01  -.2545551E-01  -.2117567E-01  -.1607137E-01  -.1185206E-01
  -.8687292E-02  -.5790327E-02  -.2415375E-02   .1619019E-02   .5827530E-02
   .9430516E-02   .1220585E-01   .1450580E-01   .1584149E-01   .1450972E-01
   .9938694E-02   .3789833E-02  -.2122545E-02  -.6860225E-02  -.9350750E-02
  -.8536547E-02  -.5090971E-02  -.1170485E-02   .1660305E-02   .2787836E-02
   .2158962E-02   .6313859E-03  -.6105534E-03  -.1098262E-02  -.1324529E-02
  -.2850581E-02  -.7160218E-02  -.1372414E-01  -.2009440E-01  -.2420039E-01
  -.2619722E-01  -.2758785E-01  -.2827100E-01  -.2567642E-01  -.1847360E-01
  -.8754977E-02   .4959798E-03   .7602854E-02   .1194806E-01   .1310499E-01
   .1091690E-01   .6126886E-02   .1947686E-03  -.5847115E-02  -.1167170E-01
  -.1702992E-01  -.2195246E-01  -.2689448E-01  -.3220887E-01  -.3762352E-01
  -.4219121E-01  -.4499968E-01  -.4554155E-01  -.4365814E-01  -.3998676E-01
  -.3587764E-01  -.3226869E-01  -.2914237E-01  -.2598756E-01  -.2238277E-01
  -.1836449E-01  -.1428580E-01  -.1051409E-01  -.7191411E-02  -.4106508E-02
  -.9567308E-03   .2315551E-02   .5265599E-02   .7161213E-02   .7897022E-02
   .8249644E-02   .9007175E-02   .1028480E-01   .1169415E-01   .1306324E-01
   .1464905E-01   .1668602E-01   .1880251E-01   .2018074E-01   .2056990E-01
   .2049266E-01   .2056429E-01   .2106840E-01   .2200396E-01   .2236852E-01
   .2016787E-01   .1472390E-01   .7623283E-02   .9396113E-03  -.4374275E-02
  -.8567664E-02  -.1255825E-01  -.1715437E-01  -.2231655E-01  -.2664841E-01
  -.2820453E-01  -.2681173E-01  -.2423559E-01  -.2231302E-01  -.2219756E-01
  -.2413593E-01  -.2718984E-01  -.3000044E-01  -.3200916E-01  -.3345494E-01
  -.3389936E-01  -.3202394E-01  -.2744556E-01  -.2122214E-01  -.1509072E-01
  -.1046898E-01  -.7368231E-02  -.4688373E-02  -.1207043E-02   .3724281E-02
   .9819877E-02   .1623176E-01   .2221043E-01   .2760378E-01   .3241635E-01
   .3560878E-01   .3598627E-01   .3412867E-01   .3144510E-01   .2847362E-01
   .2514387E-01   .2144200E-01   .1747849E-01   .1338778E-01   .9495311E-02
   .6533650E-02   .4985044E-02   .4336431E-02   .3647170E-02   .2322309E-02
   .3024446E-03  -.1999568E-02  -.4090847E-02  -.5834955E-02  -.7445878E-02
  -.9117523E-02  -.1072617E-01  -.1204448E-01  -.1288262E-01  -.1277405E-01
  -.1139649E-01  -.9146781E-02  -.6756187E-02  -.4601095E-02  -.2512207E-02
  -.1828580E-03   .2502442E-02   .5408187E-02   .8328999E-02   .1119449E-01
   .1399360E-01   .1675646E-01   .1951776E-01   .2223509E-01   .2490256E-01
   .2757625E-01   .3026078E-01   .3293306E-01   .3536569E-01   .3706657E-01
   .3798049E-01   .3830533E-01   .3687175E-01   .3195120E-01   .2400453E-01
   .1532743E-01   .7722462E-02   .1398560E-02  -.4567679E-02  -.1109872E-01
  -.1837668E-01  -.2588011E-01  -.3192787E-01  -.3384321E-01  -.3110937E-01
  -.2651147E-01  -.2293545E-01  -.2106263E-01  -.1988713E-01  -.1818910E-01
  -.1548699E-01  -.1211341E-01  -.8664988E-02  -.5481231E-02  -.2874042E-02
  -.1611612E-02  -.2265281E-02  -.4251464E-02  -.6205797E-02  -.6736557E-02
  -.5190583E-02  -.2294444E-02   .5743558E-03   .2642051E-02   .4109993E-02
   .5408191E-02   .6204333E-02   .5807862E-02   .4326520E-02   .2597487E-02
   .1211546E-02   .2314545E-03   .3269373E-04   .1403185E-02   .4332701E-02
   .7672974E-02   .1005317E-01   .1097086E-01   .1108036E-01   .1134838E-01
   .1222445E-01   .1356207E-01   .1490260E-01   .1546392E-01   .1440361E-01
   .1177620E-01   .8576780E-02   .5725939E-02   .3414099E-02   .1281413E-02
  -.8112563E-03  -.2389515E-02  -.3078195E-02  -.3188500E-02  -.3303260E-02
  -.3963637E-02  -.5562693E-02  -.7965557E-02  -.1056051E-01  -.1284874E-01
  -.1480699E-01  -.1668807E-01  -.1872233E-01  -.2100368E-01  -.2335331E-01
  -.2481696E-01  -.2390433E-01  -.2042271E-01  -.1588874E-01  -.1180499E-01
  -.8553086E-02  -.5673049E-02  -.3361330E-02  -.3013180E-02  -.5221982E-02
  -.8767032E-02  -.1207024E-01  -.1456521E-01  -.1669362E-01  -.1883363E-01
  -.2004313E-01  -.1880873E-01  -.1529465E-01  -.1113290E-01  -.7562597E-02
  -.4739103E-02  -.2047968E-02   .1033502E-02   .3923599E-02   .5300539E-02
   .4751110E-02   .3204306E-02   .1911112E-02   .2182279E-02   .5261639E-02
   .1090611E-01   .1731372E-01   .2298321E-01   .2683017E-01   .2726705E-01
   .2416134E-01   .1988891E-01   .1653286E-01   .1419625E-01   .1193743E-01
   .9024211E-02   .5371809E-02   .1321204E-02  -.2676669E-02  -.6370839E-02
  -.9838576E-02  -.1329579E-01  -.1634054E-01  -.1737810E-01  -.1531080E-01
  -.1120484E-01  -.7062944E-02  -.3945242E-02  -.1583729E-02   .8674380E-03
   .3795958E-02   .6517099E-02   .8142635E-02   .8656432E-02   .8749402E-02
   .9078026E-02   .9793243E-02   .1067043E-01   .1132675E-01   .1145022E-01
   .1106424E-01   .1019179E-01   .8403081E-02   .5531205E-02   .2166156E-02
  -.1042651E-02  -.3907775E-02  -.6666633E-02  -.9599916E-02  -.1236745E-01
  -.1359579E-01  -.1206364E-01  -.8493853E-02  -.4791865E-02  -.2020403E-02
  -.3156574E-04   .1917830E-02   .4460763E-02   .7704707E-02   .1125646E-01
   .1411999E-01   .1526275E-01   .1484358E-01   .1399034E-01   .1358015E-01
   .1373102E-01   .1408853E-01   .1416598E-01   .1327278E-01   .1077925E-01
   .6862201E-02   .2523522E-02  -.1404528E-02  -.4832805E-02  -.8158330E-02
  -.1118422E-01  -.1237234E-01  -.1061659E-01  -.7028033E-02  -.3454265E-02
  -.7172884E-03   .1401229E-02   .3497188E-02   .5382965E-02   .6382309E-02
   .6522097E-02   .6372739E-02   .6426426E-02   .6714368E-02   .7008518E-02
   .7121949E-02   .6695264E-02   .5586049E-02   .4070625E-02   .2639485E-02
   .2079331E-02   .3230823E-02   .6076243E-02   .9479806E-02   .1243844E-01
   .1482959E-01   .1703808E-01   .1902260E-01   .1971081E-01   .1829870E-01
   .1551921E-01   .1271302E-01   .1053478E-01   .8754089E-02   .7028742E-02
   .5587200E-02   .4799890E-02   .4529402E-02   .4380101E-02   .4052334E-02
   .3435185E-02   .2412099E-02   .8929838E-03  -.7936983E-03  -.2193767E-02
  -.3013578E-02  -.3297978E-02  -.3477362E-02  -.3989262E-02  -.5142253E-02
  -.7169801E-02  -.9808844E-02  -.1242737E-01  -.1468172E-01  -.1594218E-01
  -.1511027E-01  -.1213292E-01  -.8378129E-02  -.5090947E-02  -.2510562E-02
  -.2020067E-03   .2157924E-02   .4266308E-02   .5656892E-02   .6523633E-02
   .7652208E-02   .9435092E-02   .1164012E-01   .1376990E-01   .1506448E-01
   .1510948E-01   .1434027E-01   .1358134E-01   .1343450E-01   .1389864E-01
   .1454724E-01   .1480908E-01   .1391687E-01   .1147426E-01   .8062139E-02
   .4677649E-02   .1907630E-02  -.3712077E-03  -.2669721E-02  -.5284194E-02
  -.8188916E-02  -.1121863E-01  -.1419699E-01  -.1698870E-01  -.1941082E-01
  -.2114531E-01  -.2220546E-01  -.2304967E-01  -.2348661E-01  -.2290064E-01
  -.2131493E-01  -.1906292E-01  -.1655736E-01  -.1416419E-01  -.1188065E-01
  -.9553214E-02  -.7253686E-02  -.5395880E-02  -.4213476E-02  -.3451156E-02
  -.2859079E-02  -.2646428E-02  -.3089067E-02  -.4081895E-02  -.5232672E-02
  -.6014195E-02  -.5789321E-02  -.4243462E-02  -.1970459E-02   .1923618E-03
   .1950738E-02   .3439002E-02   .4953655E-02   .6771975E-02   .8936789E-02
   .1111017E-01   .1266304E-01   .1303698E-01   .1209264E-01   .1001684E-01
   .7198522E-02   .4213322E-02   .1397167E-02  -.1365758E-02  -.4246152E-02
  -.7331744E-02  -.1001417E-01  -.1075243E-01  -.8891902E-02  -.5635295E-02
  -.2590739E-02  -.3561697E-03   .1210013E-02   .2282901E-02   .2858747E-02
   .2892383E-02   .2598723E-02   .2075334E-02   .1193634E-02  -.2478032E-04
  -.1463410E-02  -.2867743E-02  -.3595290E-02  -.2796602E-02  -.3248173E-03
   .2821261E-02   .5606021E-02   .7853536E-02   .9891236E-02   .1206266E-01
   .1454278E-01   .1730384E-01   .1968563E-01   .2052174E-01   .1935357E-01
   .1698700E-01   .1472541E-01   .1316586E-01   .1208063E-01   .1107689E-01
   .9938493E-02   .8655381E-02   .7217941E-02   .5611394E-02   .3872495E-02
   .2015577E-02   .4754319E-04  -.1891294E-02  -.3758837E-02  -.5621357E-02
  -.7196387E-02  -.8192959E-02  -.8817183E-02  -.9356032E-02  -.1000344E-01
  -.1087066E-01  -.1175011E-01  -.1257686E-01  -.1341250E-01  -.1397353E-01
  -.1378260E-01  -.1255122E-01  -.1038040E-01  -.7867231E-02  -.5585221E-02
  -.3547497E-02  -.1607393E-02   .4080169E-03   .2434802E-02   .4157249E-02
   .5517741E-02   .6759750E-02   .8118586E-02   .9539158E-02   .1088038E-01
   .1194527E-01   .1257106E-01   .1285922E-01   .1283427E-01   .1233140E-01
   .1096870E-01   .8340122E-02   .4746626E-02   .9340460E-03  -.2625919E-02
  -.5580770E-02  -.7544666E-02  -.8424650E-02  -.8353076E-02  -.7609613E-02
  -.6617550E-02  -.5634159E-02  -.4740285E-02  -.4044151E-02  -.3934141E-02
  -.4736212E-02  -.5929520E-02  -.6246192E-02  -.4875877E-02  -.2316641E-02
   .2780545E-03   .2181984E-02   .3293361E-02   .3813774E-02   .4252342E-02
   .5041627E-02   .6165894E-02   .7454631E-02   .8653629E-02   .9522439E-02
   .9752529E-02   .8977172E-02   .7442282E-02   .5922491E-02   .5057867E-02
   .5092580E-02   .5749534E-02   .6410551E-02   .6695987E-02   .6333177E-02
   .4593878E-02   .1295234E-02  -.2687335E-02  -.6019505E-02  -.7582185E-02
  -.7585070E-02  -.7235963E-02  -.7460551E-02  -.8331598E-02  -.9459923E-02
  -.1039825E-01  -.1091951E-01  -.1115123E-01  -.1096141E-01  -.1000035E-01
  -.8276138E-02  -.6322594E-02  -.4621069E-02  -.3098901E-02  -.1606760E-02
  -.3402727E-03   .1719064E-03  -.3829801E-03  -.1578741E-02  -.2704377E-02
  -.3485358E-02  -.4069026E-02  -.4713825E-02  -.5410018E-02  -.5872812E-02
  -.6061349E-02  -.6019373E-02  -.5360625E-02  -.3455611E-02  -.3054076E-03
   .3296184E-02   .6611309E-02   .9340349E-02   .1126811E-01   .1215447E-01
   .1203255E-01   .1117279E-01   .9777037E-02   .7911263E-02   .5663078E-02
   .3224835E-02   .7867062E-03  -.1565466E-02  -.3874636E-02  -.6177968E-02
  -.8249774E-02  -.9565167E-02  -.9829038E-02  -.9336326E-02  -.8304885E-02
  -.6758545E-02  -.4986015E-02  -.3338734E-02  -.2203232E-02  -.1842292E-02
  -.2038274E-02  -.2255240E-02  -.2157105E-02  -.1863426E-02  -.1391152E-02
  -.3762316E-03   .1335560E-02   .3406251E-02   .5406155E-02   .7200252E-02
   .8894875E-02   .1063516E-01   .1255635E-01   .1452237E-01   .1576798E-01
   .1520526E-01   .1278211E-01   .9709061E-02   .7032628E-02   .4970820E-02
   .3093607E-02   .1166686E-02  -.4575918E-03  -.1433265E-02  -.1873669E-02
  -.2218515E-02  -.2752288E-02  -.3433724E-02  -.4068143E-02  -.4581651E-02
  -.5000179E-02  -.5275207E-02  -.5164772E-02  -.4480592E-02  -.3407149E-02
  -.1538423E-02  -.1750144E-03   .1362380E-02   .3062185E-02   .4820770E-02
   .6578454E-02   .8345767E-02   .1016365E-01   .1199539E-01   .1345135E-01
   .1387662E-01   .1310399E-01   .1171429E-01   .1016555E-01   .8245569E-02
   .5657286E-02   .2583472E-02  -.6104351E-03  -.3690223E-02  -.6641109E-02
  -.9584644E-02  -.1235688E-01  -.1445941E-01  -.1561042E-01  -.1595154E-01
  -.1561702E-01  -.1466012E-01  -.1342908E-01  -.1229707E-01  -.1125629E-01
  -.1023338E-01  -.9181767E-02  -.7966784E-02  -.6425582E-02  -.4468067E-02
  -.2256350E-02  -.8219786E-04   .1949623E-02   .3803645E-02   .5275237E-02
   .5800323E-02   .4871490E-02   .3052969E-02   .1671219E-02   .1411916E-02
   .1811011E-02   .2111354E-02   .1942818E-02   .1380593E-02   .7304387E-03
   .3328484E-03   .4413303E-03   .9685714E-03   .1637587E-02   .2197739E-02
   .2418590E-02   .2137311E-02   .1410079E-02   .5028762E-03  -.2644990E-03
  -.8298050E-03  -.1359103E-02  -.1948785E-02  -.2474251E-02  -.2565692E-02
  -.2075131E-02  -.1215152E-02  -.2589758E-03   .6315831E-03   .1424072E-02
   .2190305E-02   .3010775E-02   .3887890E-02   .4835101E-02   .5763990E-02
   .6518980E-02   .6970090E-02   .7067375E-02   .7031015E-02   .7016243E-02
   .6901758E-02   .6699661E-02   .6467045E-02   .6178445E-02   .5879295E-02
   .5565524E-02   .5244813E-02   .5119009E-02   .5398684E-02   .6070190E-02
   .6899760E-02   .7563492E-02   .8074132E-02   .8600874E-02   .9118227E-02
   .9553255E-02   .9660867E-02   .9356697E-02   .8809428E-02   .8102215E-02
   .7398299E-02   .6761842E-02   .6122976E-02   .5498657E-02   .4832472E-02
   .4213582E-02   .3969978E-02   .4202315E-02   .4725681E-02   .5275053E-02
   .5685991E-02   .5995704E-02   .6301759E-02   .6653956E-02   .7043800E-02
   .7468499E-02   .7903654E-02   .8169253E-02   .8077182E-02   .7625335E-02
   .6996989E-02   .6433232E-02   .5998667E-02   .5642181E-02   .5256052E-02
   .4791693E-02   .4207589E-02   .3235245E-02   .1807247E-02   .1886528E-03
  -.1338053E-02  -.2825033E-02  -.4757160E-02  -.7456954E-02  -.1052284E-01
  -.1293884E-01  -.1406953E-01  -.1418476E-01  -.1379302E-01  -.1324400E-01
  -.1278093E-01  -.1240669E-01  -.1200750E-01  -.1149859E-01  -.1084267E-01
  -.1012811E-01  -.9401885E-02  -.8621159E-02  -.7667136E-02  -.6507584E-02
  -.5290340E-02  -.4166377E-02  -.3139931E-02  -.2128260E-02  -.1403677E-02
  -.1590100E-02  -.2940215E-02  -.4885502E-02  -.6672373E-02  -.8061391E-02
  -.9194382E-02  -.1038169E-01  -.1171757E-01  -.1259641E-01  -.1229270E-01
  -.1093445E-01  -.9309453E-02  -.8076354E-02  -.7471136E-02  -.7306765E-02
  -.7166941E-02  -.6796149E-02  -.6204673E-02  -.5694598E-02  -.5672242E-02
  -.6169845E-02  -.6873163E-02  -.7499118E-02  -.7950798E-02  -.8261918E-02
  -.8430136E-02  -.8376432E-02  -.8110173E-02  -.7802168E-02  -.7617281E-02
  -.7617959E-02  -.7789825E-02  -.8008013E-02  -.8142749E-02  -.8196336E-02
  -.8219849E-02  -.8172661E-02  -.7940217E-02  -.7524405E-02  -.7028245E-02
  -.6496351E-02  -.5911301E-02  -.5247062E-02  -.4559846E-02  -.3902015E-02
  -.3262609E-02  -.2638145E-02  -.2018308E-02  -.1388788E-02  -.7707177E-03
  -.3538847E-03  -.4784162E-03  -.1229915E-02  -.2319448E-02  -.3428202E-02
  -.4392971E-02  -.5240398E-02  -.6095779E-02  -.6915248E-02  -.7370517E-02
  -.7173849E-02  -.6481340E-02  -.5718191E-02  -.5150183E-02  -.4755870E-02
  -.4375066E-02  -.3908555E-02  -.3354234E-02  -.2765954E-02  -.2211713E-02
  -.1751501E-02  -.1488901E-02  -.1480279E-02  -.1619031E-02  -.1757388E-02
  -.1821070E-02  -.1823358E-02  -.1829436E-02  -.1877863E-02  -.1959751E-02
  -.2051628E-02  -.2131828E-02  -.2182592E-02  -.2201674E-02  -.2106445E-02
  -.1736162E-02  -.1090260E-02  -.3478102E-03   .3191761E-03   .8080534E-03
   .1072701E-02   .1165297E-02   .1222935E-02   .1346983E-02   .1552437E-02
   .1787988E-02   .1993840E-02   .2143355E-02   .2250784E-02   .2329350E-02
   .2300464E-02   .2075645E-02   .1703139E-02   .1319700E-02   .1035102E-02
   .9010251E-03   .8845721E-03   .8810333E-03   .8266309E-03   .7542008E-03
   .7592688E-03   .8993719E-03   .1119957E-02   .1332260E-02   .1497483E-02
   .1628015E-02   .1749576E-02   .1877545E-02   .2017992E-02   .2157905E-02
   .2282588E-02   .2357370E-02   .2307923E-02   .2111058E-02   .1848800E-02
   .1615254E-02   .1398258E-02   .1108303E-02   .7185607E-03   .3333959E-03
   .8274900E-04  -.2553882E-04  -.8633827E-04  -.1460463E-03  -.1519795E-03
  -.5834385E-04   .1040218E-03   .2701331E-03   .4073982E-03   .5046422E-03
   .5456231E-03   .5334758E-03   .5020562E-03   .4877712E-03   .5076930E-03
   .5816673E-03   .7110633E-03   .8568388E-03   .9825492E-03   .1080319E-02
   .1156996E-02   .1214838E-02   .1259132E-02   .1297581E-02   .1337996E-02
   .1405275E-02   .1529532E-02   .1706398E-02   .1891942E-02   .2041563E-02
   .2119023E-02   .2091109E-02   .1961050E-02   .1773019E-02   .1576813E-02
   .1404156E-02   .1259122E-02   .1128140E-02   .9967606E-03   .8619516E-03
   .7336065E-03   .6268075E-03   .5532277E-03   .5176212E-03   .5265442E-03
   .5795344E-03   .6542348E-03   .7226682E-03   .7749740E-03   .8182207E-03
   .8603233E-03   .8928695E-03   .8975127E-03   .8757636E-03   .8512819E-03
   .8521617E-03   .8953618E-03   .9694834E-03   .1044420E-02   .1100081E-02
   .1137596E-02   .1168477E-02   .1201313E-02   .1236523E-02   .1262667E-02
   .1268272E-02   .1256413E-02   .1240481E-02   .1231075E-02   .1228969E-02
   .1229874E-02   .1230407E-02   .1229905E-02   .1233311E-02   .1248053E-02
   .1273421E-02   .1300677E-02   .1322705E-02   .1338300E-02   .1349495E-02
   .1356882E-02   .1358956E-02   .1355235E-02   .1346570E-02   .1333405E-02
   .1318277E-02   .1306823E-02   .1302897E-02   .1306475E-02   .1315554E-02
   .1328489E-02   .1344833E-02   .1365751E-02   .1392792E-02   .1425190E-02
   .1461034E-02   .1497734E-02   .1531534E-02   .1559837E-02   .1582539E-02
   .1600877E-02   .1615763E-02   .1627039E-02   .1634622E-02   .1639541E-02
   .1643170E-02   .1646072E-02   .1647974E-02   .1648578E-02   .1647664E-02
