            0            0            0            0            0
  6.7800e-001  6.7429e-001  6.6318e-001  6.4482e-001  6.1938e-001
  5.8717e-001  5.4851e-001  5.0385e-001  4.5367e-001  3.9852e-001
  3.3900e-001  2.7577e-001  2.0951e-001  1.4096e-001  7.0870e-002
 -1.1291e-016 -7.0870e-002 -1.4096e-001 -2.0951e-001 -2.7577e-001
 -3.3900e-001 -3.9852e-001 -4.5367e-001 -5.0385e-001 -5.4851e-001
 -5.8717e-001 -6.1938e-001 -6.4482e-001 -6.6318e-001 -6.7429e-001
 -6.7800e-001 -6.7429e-001 -6.6318e-001 -6.4482e-001 -6.1938e-001
 -5.8717e-001 -5.4851e-001 -5.0385e-001 -4.5367e-001 -3.9852e-001
 -3.3900e-001 -2.7577e-001 -2.0951e-001 -1.4096e-001 -7.0870e-002
  3.7637e-017  7.0870e-002  1.4096e-001  2.0951e-001  2.7577e-001
  3.3900e-001  3.9852e-001  4.5367e-001  5.0385e-001  5.4851e-001
  5.8717e-001  6.1938e-001  6.4482e-001  6.6318e-001  6.7429e-001
  6.7800e-001            0            0            0            0
            0            0            0            0            0
            0            0            0            0            0
            0            0            0            0            0
            0            0            0            0            0
            0            0            0            0            0
            0            0            0            0            0
            0            0            0            0            0
            0            0            0            0            0
            0            0            0            0            0
            0            0            0            0            0
            0            0            0            0            0
            0            0            0            0            0
            0            0            0            0            0
            0            0            0            0            0
            0            0            0            0            0
            0            0            0            0            0
            0            0            0            0            0
            0            0            0            0            0
            0            0            0            0            0
            0            0            0            0            0
            0            0            0            0            0
            0            0            0            0            0
            0            0            0            0            0
            0            0            0            0            0
            0            0            0            0            0
            0            0            0            0            0
            0            0            0            0            0
            0            0            0            0            0
            0            0            0            0            0
            0            0            0            0            0
            0            0            0            0            0
            0            0            0            0            0
            0            0            0            0            0
            0            0            0            0            0
            0            0            0            0            0
            0            0            0            0            0
            0            0            0            0            0
            0            0            0            0            0
            0            0            0            0            0
            0            0            0            0            0
            0            0            0            0            0
            0            0            0            0            0
            0            0            0            0            0
            0            0            0            0            0
            0            0            0            0            0
            0            0            0            0            0
            0            0            0            0            0
            0            0            0            0            0
            0            0            0            0            0
            0            0            0            0            0
            0            0            0            0            0
            0            0            0            0            0
            0            0            0            0            0
            0            0            0            0            0
            0            0            0            0            0
            0            0            0            0            0
            0            0            0            0            0
            0            0            0            0            0
            0            0            0            0            0
            0            0            0            0            0
            0            0            0            0            0
            0            0            0            0            0
            0            0            0            0            0
            0            0            0            0            0
            0            0            0            0            0
            0            0            0            0            0
            0            0            0            0            0
            0            0            0            0            0
            0            0            0            0            0
            0            0            0            0            0
            0            0            0            0            0
            0            0            0            0            0
            0            0            0            0            0
            0            0            0            0            0
            0            0            0            0            0
            0            0            0            0            0
            0            0            0            0            0
            0            0            0            0            0
            0            0            0            0            0
            0            0            0            0            0
            0            0            0            0            0
            0            0            0            0            0
            0            0            0            0            0
            0            0            0            0            0
            0            0            0            0            0
            0            0            0            0            0
            0            0            0            0            0
            0            0            0            0            0
            0            0            0            0            0
            0            0            0            0            0
            0            0            0            0            0
            0            0            0            0            0
            0            0            0            0            0
            0            0            0            0            0
            0            0            0            0            0
            0            0            0            0            0
            0            0            0            0            0
            0            0            0            0            0
            0            0            0            0            0
            0            0            0            0            0
            0            0            0            0            0
            0            0            0            0            0
            0            0            0            0            0
            0            0            0            0            0
            0            0            0            0            0
            0            0            0            0            0
            0            0            0            0            0
            0            0            0            0            0
            0            0            0            0            0
            0            0            0            0            0
            0            0            0            0            0
            0            0            0            0            0
            0            0            0            0            0
            0            0            0            0            0
            0            0            0            0            0
            0            0            0            0            0
            0            0            0            0            0
            0            0            0            0            0
            0            0            0            0            0
            0            0            0            0            0
            0            0            0            0            0
            0            0            0            0            0
            0            0            0            0            0
            0            0            0            0            0
            0            0            0            0            0
            0            0            0            0            0
            0            0            0            0            0
            0            0            0            0            0
            0            0            0            0            0
            0            0            0            0            0
            0            0            0            0            0
            0            0            0            0            0
            0            0            0            0            0
            0            0            0            0            0
            0            0            0            0            0
            0            0            0            0            0
            0            0            0            0            0
            0            0            0            0            0
            0            0            0            0            0
            0            0            0            0            0
            0            0            0            0            0
            0            0            0            0            0
            0            0            0            0            0
            0            0            0            0            0
            0            0            0            0            0
            0            0            0            0            0
            0            0            0            0            0
            0            0            0            0            0
            0            0            0            0            0
            0            0            0            0            0
            0            0            0            0            0
            0            0            0            0            0
            0            0            0            0            0
            0            0            0            0            0
            0            0            0            0            0
            0            0            0            0            0
            0            0            0            0            0
            0            0            0            0            0
            0            0            0            0            0
            0            0            0            0            0
            0            0            0            0            0
            0            0            0            0            0
            0            0            0            0            0
            0            0            0            0            0
            0            0            0            0            0
            0            0            0            0            0
            0            0            0            0            0
            0            0            0            0            0
            0            0            0            0            0
            0            0            0            0            0
            0            0            0            0            0
            0            0            0            0            0
            0            0            0            0            0
            0            0            0            0            0
            0            0            0            0            0
            0            0            0            0            0
            0            0            0            0            0
            0            0            0            0            0
            0            0            0            0            0
            0            0            0            0            0
            0            0            0            0            0
            0            0            0            0            0
            0            0            0            0            0
            0            0            0            0            0
            0            0            0            0            0
            0            0            0            0            0
