                         0   -3.561519798626430e-005   -7.049612516186496e-005   -9.957963920766833e-005   -1.258866578252381e-004
   -1.597519130590695e-004   -2.131152223423966e-004   -2.907192773248846e-004   -3.775200939870231e-004   -4.389236243475624e-004
   -4.661970647382524e-004   -4.798845652935812e-004   -5.159184788726444e-004   -6.045199712221626e-004   -7.488223086188195e-004
   -9.061523368433482e-004   -9.693901567824822e-004   -8.961463002878885e-004   -7.198267823930425e-004   -5.262429720992987e-004
   -4.117156394953998e-004   -4.390872676604592e-004   -5.986494307035789e-004   -7.704828754222623e-004   -7.748888899808991e-004
   -5.515173343692102e-004   -1.422861900067333e-004    3.357643633491293e-004    7.335228738561213e-004    9.196412000109876e-004
    8.220965430345384e-004    4.858466797191145e-004    9.912906880174248e-005   -1.917466150680620e-004   -2.807680488205164e-004
   -1.327700812042243e-004    1.973881176075103e-004    5.596697360380073e-004    6.643275728143978e-004    3.042377644191051e-004
   -4.952880943959449e-004   -1.536537189972483e-003   -2.504747678067727e-003   -3.068261837144262e-003   -2.991186735201258e-003
   -2.223881921314447e-003   -1.052124734664173e-003    1.260916918725075e-004    1.158408749380250e-003    2.048666322238217e-003
    2.869959544606718e-003    3.647825328424000e-003    4.234168329546824e-003    4.050648241447814e-003    2.686026196438214e-003
    1.936990074722496e-004   -2.918645460594668e-003   -5.816678555544881e-003   -7.586502904887453e-003   -7.532813609627392e-003
   -5.406818328446398e-003   -2.027082666219544e-003    1.302054913539166e-003    3.711179155392836e-003    4.713281730617114e-003
    4.225687429237319e-003    2.503593513093537e-003    6.163114959410699e-007   -2.736579889140354e-003   -5.153379255335440e-003
   -6.898884986710824e-003   -7.740152525257589e-003   -7.631514737767789e-003   -6.747344984117184e-003   -5.463613399837702e-003
   -4.274794859934200e-003   -3.399750041641235e-003   -2.509420560586225e-003   -1.180190410947535e-003    7.834277581458182e-004
    3.135318828077692e-003    5.128356246573160e-003    5.641066041161757e-003    3.348610257221897e-003   -8.415576906048343e-004
   -5.352310065158437e-003   -8.367299933742353e-003   -8.527201924795575e-003   -5.451111239439609e-003   -2.038469291773385e-005
    5.505184389693217e-003    8.586888045516404e-003    8.760432487675589e-003    6.830138423503187e-003    4.256200397475801e-003
    2.478255440063724e-003    2.303060805263110e-003    3.472591231170737e-003    4.429638446610786e-003    3.971616799262201e-003
    2.116172515957180e-003   -3.420760978637402e-004   -2.317614897056211e-003   -2.951620691608627e-003   -2.078299475586568e-003
   -5.453005070307241e-004    1.849521079022734e-004   -3.000167695935969e-004   -1.570668652846754e-003   -2.778634091098816e-003
   -3.129447979726550e-003   -2.323527557651937e-003   -8.768053766577909e-004   -1.307929702640886e-004   -5.758980710527516e-004
   -1.694064234254510e-003   -2.489719401971334e-003   -2.086918485249154e-003   -2.530137076971400e-004    2.245671407280434e-003
    3.361357092380220e-003    1.844081656553095e-003   -1.558509070435651e-003   -5.013693510126245e-003   -6.510472250513410e-003
   -4.799817948979591e-003   -1.464888281812384e-004    5.171802982197194e-003    7.262396098044432e-003    5.034285807317277e-003
   -1.964514240393180e-004   -5.688478442263409e-003   -8.554414594287536e-003   -7.015496619233051e-003   -1.438240888388066e-003
    4.819882719341189e-003    7.620764723028448e-003    5.917359274603687e-003    9.175295621405867e-004   -4.865043573850114e-003
   -8.802399402755066e-003   -9.367515582122885e-003   -7.067838313656243e-003   -4.907793736698364e-003   -4.842588245225665e-003
   -6.786472583957899e-003   -9.390011641689528e-003   -1.091912983007684e-002   -1.017827717878994e-002   -7.301219543909251e-003
   -4.155224282134206e-003   -2.398576532205492e-003   -1.642430255884949e-003   -4.144603485363287e-004    2.795715622850681e-003
    8.552528569487333e-003    1.572992399949534e-002    2.088364256614683e-002    2.039338509981918e-002    1.470331797815999e-002
    6.666237279358107e-003    2.156733033924672e-004   -1.336683485873178e-003    3.181380565293052e-003    1.173493106060700e-002
    1.806438385111978e-002    1.771768379317631e-002    1.068593463080160e-002    1.871861445099038e-004   -8.949911500775416e-003
   -1.222972817798342e-002   -7.466191948110902e-003    3.703821969034300e-003    1.453344523853330e-002    2.050983712959576e-002
    2.063024486387444e-002    1.663526374124958e-002    1.178266791439291e-002    9.200091855463694e-003    1.008670850049130e-002
    1.171982403834396e-002    1.011537939812280e-002    4.131391457760283e-003   -4.621889898358765e-003   -1.263933094680928e-002
   -1.601449473495203e-002   -1.232444813509289e-002   -2.476771485595305e-003    7.233024310188158e-003    1.240524212837060e-002
    1.203242801338543e-002    8.128914532472454e-003    4.540856966685112e-003    5.097451018359641e-003    1.140570253908458e-002
    1.965439408550585e-002    2.383520550333156e-002    2.126849667065290e-002    1.287518206813691e-002    2.529793151769461e-003
   -4.566577327420275e-003   -4.264782164438489e-003    4.058065305850638e-003    1.356887071527778e-002    1.869331825801741e-002
    1.716979108632592e-002    1.026806009417142e-002    1.930412570781187e-003   -3.011788614585086e-003   -1.086902046398675e-003
    5.826899802584936e-003    1.219003741775144e-002    1.459959393971461e-002    1.226656340244699e-002    6.882604180404158e-003
    1.639538211208355e-003   -4.618970750329096e-004    1.537788507350154e-003    4.237671941934520e-003    5.054321014487865e-003
    3.142208521635465e-003   -6.606019053719194e-004   -4.498701520371167e-003   -6.589880242754847e-003   -6.521001145073702e-003
   -6.474644633144780e-003   -8.374684974243181e-003   -1.232112309311304e-002   -1.694413413196793e-002   -2.015804602572435e-002
   -2.013277243421040e-002   -1.631327289183578e-002   -9.985531979119236e-003   -3.849470005722297e-003    1.243584223256691e-003
    5.349690119319029e-003    8.714021430889977e-003    1.108970649916198e-002    1.124878961331185e-002    6.480582702087651e-003
   -4.348713807574094e-003   -1.870914020471130e-002   -3.261740225131612e-002   -4.185178711511622e-002   -4.339832369521104e-002
   -3.650322288034923e-002   -2.302793304378495e-002   -6.832324131815813e-003    9.270869318649835e-003    2.583074605743653e-002
    4.447685172041734e-002    6.652938445087822e-002    9.188268898864413e-002    1.183210867863883e-001    1.407489692356902e-001
    1.546322597829978e-001    1.594812998336618e-001    1.570099124901939e-001    1.504481145077077e-001    1.435260608148683e-001
    1.394888637501248e-001    1.404723353779412e-001    1.468278830406578e-001    1.556446533398430e-001    1.639257224345229e-001
    1.684301860419617e-001    1.663486774102825e-001    1.559316500685875e-001    1.369904393479135e-001    1.104664936955315e-001
    7.929830454668296e-002    4.372733830371885e-002    1.902564920123827e-003   -4.841093095581271e-002   -1.080344704708931e-001
   -1.746043154754401e-001   -2.404549808404793e-001   -2.908647111003543e-001   -3.182859944796278e-001   -3.223862575036543e-001
   -3.097309658700569e-001   -2.910510034142642e-001   -2.773483545603653e-001   -2.753048052547836e-001   -2.821626304546693e-001
   -2.831691025407056e-001   -2.685600029396744e-001   -2.367076776397387e-001   -1.941668259942723e-001   -1.529623949773799e-001
   -1.257158477856677e-001   -1.194714394279600e-001   -1.222720928746663e-001   -1.114419714919882e-001   -7.083839716895024e-002
    4.750377463463285e-003    1.074367845255467e-001    2.177880758004953e-001    3.102011170104654e-001    3.550489583012976e-001
    3.571893976127606e-001    3.322159432411973e-001    2.988328848014680e-001    2.721514257841807e-001    2.590231975197235e-001
    2.561086975719076e-001    2.504659682876266e-001    2.281818560803918e-001    1.890590439248065e-001    1.395515837529947e-001
    8.860422115646977e-002    4.378956954106492e-002    8.504132157339943e-003   -1.915898692215062e-002   -4.482117463531535e-002
   -7.111979675320879e-002   -9.481086712984448e-002   -1.108823652385949e-001   -1.155008248303792e-001   -1.082133500151777e-001
   -9.312088398252127e-002   -7.914138034588564e-002   -7.474267602784278e-002   -7.997911632087909e-002   -9.053059260524024e-002
   -1.003553229902414e-001   -1.043378656132873e-001   -1.004444084367820e-001   -9.096023077632094e-002   -8.304576254541089e-002
   -8.171428189690312e-002   -8.703390852879420e-002   -9.567031707376157e-002   -1.024445344336631e-001   -1.022082563976064e-001
   -9.180999446072029e-002   -7.148309287162449e-002   -4.892940694015700e-002   -3.204699828898383e-002   -2.648797698877696e-002
   -3.452852302834717e-002   -5.421384018899754e-002   -7.934221679944489e-002   -9.981331479987428e-002   -1.027954263618519e-001
   -8.643932576469887e-002   -5.462809031335650e-002   -1.569591322787856e-002    2.046556676796500e-002    4.548386860038692e-002
    5.539806513476902e-002    5.217855559833071e-002    4.624554988484246e-002    4.357935952153245e-002    4.501636306072632e-002
    4.743082143399471e-002    4.577441623968737e-002    3.586502275053335e-002    1.752779982569117e-002   -7.804321451364083e-004
   -9.281044910186043e-003   -3.643271500108766e-003    1.438656589787831e-002    3.772378375455885e-002    5.627638884099623e-002
    6.064928653990762e-002    4.550228744907287e-002    2.217110003789252e-002    3.636099776783499e-003    2.039266835736815e-004
    1.634434617723277e-002    4.900372317734746e-002    8.776864205655444e-002    1.153338100986098e-001    1.147158482051258e-001
    8.541143401906301e-002    3.452492769534505e-002   -2.527703863769401e-002   -7.965239511092404e-002   -1.165364441869660e-001
   -1.297267279168115e-001   -1.196140134080845e-001   -1.009589553965186e-001   -8.276623337015931e-002   -6.969033845329663e-002
   -6.182076040223522e-002   -5.579434655851045e-002   -4.701538428910004e-002   -3.265420111181698e-002   -1.694278878010991e-002
   -6.954855880208532e-003   -7.201760174247437e-003   -1.789145244741699e-002   -3.452376107860945e-002   -4.895405992526024e-002
   -5.180233451414289e-002   -3.523604971992762e-002   -6.868949960307692e-003    2.342175943631067e-002    4.571710296894926e-002
    5.337991574540096e-002    4.514429648277906e-002    2.581184871660166e-002    6.113867007610065e-003   -2.714256671041404e-003
    1.418364498053410e-003    1.503260769002813e-002    3.128568964401254e-002    4.261267819362820e-002    4.339606706965826e-002
    3.210907836754496e-002    1.395104011810252e-002   -1.536768067743440e-003   -9.232674419048939e-003   -8.148570176127057e-003
   -1.434333845546220e-003    4.719079208787431e-003    3.131940754290600e-003   -1.281041065964985e-002   -3.973515836030235e-002
   -6.929265987653349e-002   -9.306407242539806e-002   -1.048465134699472e-001   -1.027379833656341e-001   -9.020619380607646e-002
   -7.631462384995932e-002   -7.490186812892304e-002   -9.072512236458039e-002   -1.210434648170206e-001   -1.568991729897181e-001
   -1.857068314614291e-001   -1.946514236177621e-001   -1.745841650505009e-001   -1.216109521551007e-001   -5.260725531410875e-002
    1.479375553608543e-002    6.615613244335318e-002    9.293356215319247e-002    9.439741338752847e-002    7.778754044811809e-002
    5.700352532475954e-002    4.844093716638849e-002    5.568384900751849e-002    7.404614981029178e-002    9.415100351565797e-002
    1.056809434122414e-001    1.010220419046696e-001    7.835740487045800e-002    4.359987885088919e-002    1.140534112138645e-002
   -9.547184013169735e-003   -1.568039592980752e-002   -8.285886835677506e-003    7.638908323334723e-003    2.535260782737636e-002
    3.827688447917797e-002    4.363634783341181e-002    4.372364545711657e-002    4.145135727019433e-002    3.988042692777341e-002
    4.172518133965861e-002    4.909570623570680e-002    6.344305921365581e-002    8.642327877267596e-002    1.144693653876402e-001
    1.429887985541290e-001    1.658143099068166e-001    1.767106154609792e-001    1.712118290216843e-001    1.485569934296364e-001
    1.137734893199802e-001    8.209381637104196e-002    6.666065931498040e-002    7.421147713569617e-002    1.034551928283048e-001
    1.446854577975387e-001    1.813307642484785e-001    1.928590467216888e-001    1.561738942570349e-001    7.840069601453167e-002
   -2.558402763803259e-002   -1.341916907013405e-001   -2.249581242999807e-001   -2.800321476225639e-001   -2.908183339703770e-001
   -2.585007023013822e-001   -2.057306595276676e-001   -1.533655347308716e-001   -1.146532270591191e-001   -9.585906572406844e-002
   -9.618839651606753e-002   -1.091407157056901e-001   -1.249801032979844e-001   -1.336832622110324e-001   -1.340579675040808e-001
   -1.294809478798502e-001   -1.249984461313175e-001   -1.248409193120302e-001   -1.303711695127282e-001   -1.387115072203761e-001
   -1.406397970417494e-001   -1.271836568113710e-001   -9.675141237195017e-002   -5.359800009261358e-002   -6.372572058157154e-003
    3.477269213713286e-002    6.165433675575181e-002    7.126412439822735e-002    7.173832789184884e-002    7.708469185780624e-002
    9.562821143802239e-002    1.294237170934391e-001    1.738991209275611e-001    2.192398729020147e-001    2.533707976395255e-001
    2.629807924950901e-001    2.503439816855583e-001    2.238039116345944e-001    1.934929939729744e-001    1.688829524484580e-001
    1.563872354447846e-001    1.577454281050360e-001    1.695126037494115e-001    1.816283091885114e-001    1.855566261781559e-001
    1.772526959884775e-001    1.564525745695957e-001    1.260914389537551e-001    9.111655848900742e-002    5.683382831555998e-002
    2.832586856045536e-002    6.641054255452994e-003   -7.524485399775100e-003   -1.355365769162443e-002   -1.193659703618437e-002
   -5.460493420174876e-003   -2.081948211609809e-004   -7.668614698590309e-003   -3.790311429754883e-002   -8.603991010187223e-002
   -1.376977261185474e-001   -1.732066597977874e-001   -1.753034968721687e-001   -1.370380309115312e-001   -6.879777837743761e-002
   -8.762596736352537e-003    8.133167405690759e-003   -2.366086678750024e-002   -8.425117380342426e-002   -1.376258715155922e-001
   -1.462320420036023e-001   -8.834846258456217e-002    2.352071049465889e-002    1.221617070755675e-001    1.562580542452367e-001
    1.140216074150485e-001    2.229595582519454e-002   -6.492537747614319e-002   -8.717861726931961e-002   -4.088964566468294e-003
    1.643527401924656e-001    3.217805847143933e-001    4.015966175808456e-001    3.776363494699497e-001    2.703775735490940e-001
    1.374406348415561e-001    5.033132734224272e-002    6.524489435614554e-002    1.408121321879692e-001    1.960097025388358e-001
    1.697907318028062e-001    4.324848043726052e-002   -1.510404436873574e-001   -3.357730597601112e-001   -4.071107867601404e-001
   -2.842788795122829e-001   -2.919975226819375e-002    2.629376051006261e-001    4.870319592349403e-001    5.616413212884006e-001
    4.537756582564352e-001    1.923886857899272e-001   -1.240887173838813e-001   -3.568132954648238e-001   -4.370490449271619e-001
   -3.512934481296581e-001   -1.363330651809773e-001    1.328387367851646e-001    3.622442605221256e-001    4.541724850066339e-001
    3.556359592593473e-001    1.278982210820036e-001   -1.485524041833235e-001   -3.866639328275443e-001   -5.189715726357465e-001
   -5.174111362243552e-001   -4.042680619054841e-001   -2.555918263150479e-001   -1.584230871293124e-001   -1.314315016310710e-001
   -1.479302085390295e-001   -1.552296001069399e-001   -9.855746819658307e-002    5.388653376652140e-002    2.900372587724691e-001
    5.281645150373442e-001    6.938637449033297e-001    7.552565953324022e-001    7.162948123871837e-001    6.066738419143221e-001
    4.660387154487026e-001    3.249291797352550e-001    1.880352338929300e-001    4.204969293508129e-002   -1.099379777540726e-001
   -2.448337673463965e-001   -3.288210756958803e-001   -3.319205303655439e-001   -2.448430142536867e-001   -9.642876723057578e-002
    2.770316011659692e-002    6.435622690773432e-002   -6.742615100126678e-003   -1.653166105640660e-001   -3.601723021933946e-001
   -5.264344685137375e-001   -6.074910578807401e-001   -5.719649208301767e-001   -4.727689835958019e-001   -3.559007926599908e-001
   -2.573447556806531e-001   -1.947476688849827e-001   -1.659763607551123e-001   -1.538497441475176e-001   -1.354550633979923e-001
   -1.032560258779131e-001   -7.090716610724315e-002   -5.811430539661915e-002   -8.283555827654521e-002   -1.545469314950922e-001
   -2.693110000354119e-001   -4.067342201105137e-001   -5.208962330714522e-001   -5.742094634660970e-001   -5.491416959442498e-001
   -4.500673682811106e-001   -3.026140994331278e-001   -1.481316382321758e-001   -3.373467471701487e-002   -7.959962409951869e-003
   -6.505647769444714e-002   -1.664983358922966e-001   -2.687228188755394e-001   -3.335079581413555e-001   -3.382879595601331e-001
   -2.817473312028599e-001   -1.825757395169632e-001   -7.412365286326077e-002    2.474548338966889e-002    1.149089887730375e-001
    2.036604819177348e-001    2.965245421356199e-001    3.906619903132322e-001    4.709242258838076e-001    5.011150797316203e-001
    4.603343678676956e-001    3.490918090467656e-001    1.830793511763019e-001   -1.038535561489307e-002   -1.985308157591366e-001
   -3.495330477027658e-001   -4.327015336313414e-001   -4.264555252051768e-001   -3.384841985210568e-001   -1.802839394530134e-001
    2.302614364930841e-002    2.330034793119955e-001    4.013863233429512e-001    4.772775255460560e-001    3.995871913175054e-001
    1.971686227834177e-001   -7.375391388800001e-002   -3.391242798858151e-001   -5.249200222479871e-001   -5.762741019563745e-001
   -4.734987503496038e-001   -2.385075162349608e-001    3.932476057667472e-002    2.758496093456055e-001    4.259591196731443e-001
    4.757270722683628e-001    4.386955558837168e-001    3.469990719437500e-001    2.384794904485178e-001    1.478179318629511e-001
    8.357545976653966e-002    4.514346773629678e-002    3.125610634772572e-002    4.144961416230716e-002    7.527427510138587e-002
    1.298978994148095e-001    1.958293917584474e-001    2.522407455454523e-001    2.843937576968231e-001    2.873666076597152e-001
    2.663342614200819e-001    2.346442851834029e-001    2.097649991604477e-001    2.078297033255227e-001    2.366857602270906e-001
    2.769907517461122e-001    3.053173359213957e-001    2.971826945332576e-001    2.337000118171123e-001    1.075056796058680e-001
   -7.251174036827698e-002   -2.741048129883746e-001   -4.375351173121904e-001   -5.202036940398223e-001   -5.016555548327284e-001
   -3.888100339983610e-001   -2.157448645644551e-001   -3.742526953861617e-002    7.942817554949438e-002    7.388774484698069e-002
   -3.061919673900597e-002   -1.864059702289408e-001   -3.313415232588858e-001   -4.079816087541822e-001   -3.801137875581577e-001
   -2.450474290976892e-001   -3.932495038035608e-002    1.548419721054147e-001    2.856818853733694e-001    3.312498062119994e-001
    2.968217888369078e-001    2.092911844604293e-001    1.073385621471635e-001    3.072857341878111e-002    3.980434033719078e-003
    1.448583871667356e-002    4.526790729409395e-002    8.091369007250412e-002    1.132194294379590e-001    1.434850104794953e-001
    1.811324824789434e-001    2.394444479013962e-001    3.103762620232540e-001    3.704945337745623e-001    3.908467960040977e-001
    3.470725382893225e-001    2.288764298848731e-001    4.715229388400843e-002   -1.604385170483766e-001   -3.258752032252097e-001
   -4.073340096420439e-001   -3.917373128513899e-001   -2.918971748342639e-001   -1.406956292650147e-001    1.803503464529928e-002
    1.409352629967870e-001    1.834673363825857e-001    1.499000701946140e-001    5.404138698834071e-002   -8.157522064395738e-002
   -2.273490719546415e-001   -3.495611791035060e-001   -4.142379599473125e-001   -3.851750044786856e-001   -2.599987803985854e-001
   -8.290884584570536e-002    9.109360124602216e-002    2.050610111553403e-001    2.175742931413747e-001    1.175399683447490e-001
   -6.589896560145034e-002   -2.479008789928404e-001   -3.437247330835801e-001   -3.233469876601052e-001   -2.013551099832769e-001
   -2.755152248062017e-002    1.302691948849675e-001    2.087932379989236e-001    1.652952754605416e-001    3.583163963960945e-002
   -1.090220464736017e-001   -2.109216590966426e-001   -2.307852069627249e-001   -1.564482903222330e-001   -3.843603915418260e-003
    1.881299147793112e-001    3.579736937506278e-001    4.644386876920883e-001    4.908963798359506e-001    4.397743083209705e-001
    3.309875179401466e-001    1.979251774384692e-001    8.103901476056824e-002    2.671304218354893e-002    4.395590309095374e-002
    1.047043077053407e-001    1.681149331345370e-001    1.926493735611011e-001    1.506533173398929e-001    4.005393319118098e-002
   -1.078276401052342e-001   -2.194272224836625e-001   -2.456106463976349e-001   -1.773863183544268e-001   -3.960815828772048e-002
    1.199997020143515e-001    2.467987114666901e-001    2.982267426490151e-001    2.559849966377803e-001    1.688382557926953e-001
    8.473069507469359e-002    3.237603535135738e-002    1.733215421129965e-002    2.328218095992255e-002    2.015235913633994e-002
   -2.324833946128837e-002   -1.092513628535254e-001   -1.976459142228847e-001   -2.465418724362049e-001   -2.247708239525213e-001
   -1.231025598742441e-001    4.072809118367356e-002    2.240362823191581e-001    3.566859659641930e-001    4.008632731015549e-001
    3.587203910549927e-001    2.558005032040192e-001    1.304393116036386e-001    2.131616918949246e-002   -4.436816954434897e-002
   -5.797437229246940e-002   -4.304858278653036e-002   -3.111828415969990e-002   -3.807062563251711e-002   -6.577313322146108e-002
   -1.034019463788606e-001   -1.321133600015367e-001   -1.325974278132046e-001   -9.028790117130743e-002   -2.475002114139438e-002
    4.194135713131696e-002    8.975375425078175e-002    1.066519803559677e-001    9.177363363773453e-002    5.556026893845616e-002
    1.736330301754718e-002   -4.912228394574992e-003   -1.093406294578825e-002   -8.677121230343095e-003   -8.774098425675218e-003
   -1.978741448888833e-002   -4.487205663945094e-002   -8.062999377199137e-002   -1.195069219833379e-001   -1.579833025394966e-001
   -1.983619557862644e-001   -2.416468434176821e-001   -2.830589037808490e-001   -3.100278910548998e-001   -3.031451145201905e-001
   -2.360003340102910e-001   -1.120287107754949e-001    3.446461952458012e-002    1.608820001313304e-001    2.280731221758822e-001
    2.141212796711302e-001    1.242666398186926e-001   -4.503693046844459e-003   -9.940574574932516e-002   -1.189237385476059e-001
   -6.326007028670856e-002    3.806228669458171e-002    1.405943633441915e-001    2.017467819312845e-001    1.977269074900156e-001
    1.351359296735934e-001    6.517818598533366e-002    2.305077126235321e-002    1.885482313915748e-002    4.148114342626515e-002
    6.636634703416411e-002    6.712912505531443e-002    2.832075439976537e-002   -3.668691090201758e-002   -9.473748677940999e-002
   -1.263210391910035e-001   -1.259623920098420e-001   -1.008217913806446e-001   -6.540369401918650e-002   -3.334082102250818e-002
   -7.919120044083964e-003    2.160452733890628e-002    6.033217013369462e-002    1.019985187509364e-001    1.312006982453171e-001
    1.295978390268218e-001    8.448883498187675e-002   -1.777993267716106e-003   -9.483403642283234e-002   -1.558603406718642e-001
   -1.658293569460286e-001   -1.262272728689339e-001   -5.664490446880098e-002    1.265632599594946e-002    5.243640645496062e-002
    4.470028487857216e-002    1.404526716998071e-002   -1.268295390498249e-002   -1.612544394947572e-002    1.060739188042115e-002
    6.117651351655998e-002    1.193677072571076e-001    1.647170081421895e-001    1.852809851516025e-001    1.845013556794098e-001
    1.659472785016503e-001    1.311837729637835e-001    7.955461042979993e-002    9.970661619518446e-003   -7.543917992872824e-002
   -1.632953948577328e-001   -2.317883242704769e-001   -2.667775482252253e-001   -2.637036879533628e-001   -2.281819259489663e-001
   -1.737296162354907e-001   -1.172496305171835e-001   -7.426920629228163e-002   -4.820777117636773e-002   -3.262900275936021e-002
   -2.226438554140411e-002   -1.426888264384412e-002   -8.434704281762658e-003   -6.144695683744810e-003   -8.288136227993046e-003
   -1.288016967692922e-002   -1.685024492800114e-002   -2.116561571577142e-002   -2.975274956836629e-002   -4.714244103853905e-002
   -7.553435576156421e-002   -1.118322583988667e-001   -1.432675135465540e-001   -1.528625667569342e-001   -1.355553544609084e-001
   -9.690890492205756e-002   -5.094047757722518e-002   -1.511858456878083e-002   -4.096931712258708e-003   -2.344046929935800e-002
   -5.955343147769737e-002   -8.517400597023844e-002   -8.288798471429781e-002   -4.614442832384631e-002    1.955519277710561e-002
    9.847001440282865e-002    1.691109071422196e-001    2.057356245902659e-001    2.015521915379546e-001    1.638279164952558e-001
    1.043672626527337e-001    3.721468927267527e-002   -2.443346219985841e-002   -7.066522045298392e-002   -9.540671665256027e-002
   -9.926598093041206e-002   -9.170763650269345e-002   -8.031668352933449e-002   -7.160284922905390e-002   -6.968196566119006e-002
   -7.560102128050115e-002   -8.738840171169388e-002   -1.008543391071251e-001   -1.124246752167050e-001   -1.217839639755777e-001
   -1.295784743269708e-001   -1.361076776951212e-001   -1.405592486728362e-001   -1.408290763731255e-001   -1.337844257375924e-001
   -1.190945788888660e-001   -1.015578242825650e-001   -8.598786639840661e-002   -7.538239397346627e-002   -6.933340642907984e-002
   -6.362340846315942e-002   -5.124142140962103e-002   -2.346397994395743e-002    1.603314462473830e-002    5.884799411961793e-002
    9.538180372763394e-002    1.183256174783642e-001    1.250433299179425e-001    1.185086899664736e-001    1.061799669154765e-001
    9.559152305233079e-002    8.647995144276802e-002    7.475154311465375e-002    5.652793578487814e-002    3.092789731759113e-002
    1.705458690530085e-003   -2.263283966496582e-002   -2.807778403708758e-002   -1.339654078687716e-002    1.609049316355130e-002
    5.025410785371476e-002    7.745052699986213e-002    8.767460949516866e-002    7.527515513166985e-002    3.926676082816775e-002
   -1.016692748501262e-002   -6.101022125359932e-002   -1.036036117128129e-001   -1.304133299395471e-001   -1.370747282322292e-001
   -1.230028739315048e-001   -9.130033093505334e-002   -4.897074767651796e-002   -5.443032488300625e-003    3.495597666804014e-002
    6.977193473150918e-002    9.716946794196632e-002    1.146301344305661e-001    1.178921571886593e-001    9.778917924866570e-002
    5.197348561937311e-002   -1.270244677772929e-002   -8.364208561847851e-002   -1.446697026023838e-001   -1.804654401675715e-001
   -1.811862814244460e-001   -1.458111284351731e-001   -8.835929650793203e-002   -3.185492098126014e-002    1.085088778730756e-002
    3.436767050019038e-002    4.028077951042619e-002    3.507967621417470e-002    2.686636789469176e-002    2.206342591957227e-002
    2.073246348373637e-002    2.017887275878784e-002    1.831683738987603e-002    1.435410333152486e-002    8.915816427793710e-003
    3.682845294355199e-003    8.872874772273929e-004    2.330827732284351e-003    7.190983493094997e-003    1.313643436356146e-002
    1.606740432012698e-002    1.087143736333782e-002   -7.189887539892310e-003   -4.049529329310177e-002   -8.581202348433836e-002
   -1.274345323136313e-001   -1.507566191776336e-001   -1.455272249477178e-001   -1.090642375141712e-001   -4.749794231911089e-002
    2.516499939794390e-002    8.897244594888272e-002    1.275761869566440e-001    1.434520681530210e-001    1.459256008447660e-001
    1.468161065044386e-001    1.558027049740794e-001    1.769532352711886e-001    2.069654085272412e-001    2.340309954095735e-001
    2.480665459335785e-001    2.464716838105381e-001    2.313223243702818e-001    2.072671808717665e-001    1.793265618565905e-001
    1.509273381737813e-001    1.227703437492319e-001    9.405970254376410e-002    6.611483133034121e-002    4.265513164255286e-002
    2.851365900108077e-002    2.796792450608250e-002    4.304941960959696e-002    7.216099775356796e-002    1.082703367849287e-001
    1.401140082162618e-001    1.608639955858138e-001    1.669012087504229e-001    1.579257184839667e-001    1.363755518419378e-001
    1.062885691009948e-001    7.155388637886798e-002    3.509888847594414e-002   -2.197301621288337e-003   -3.949441478090904e-002
   -7.503189131532084e-002   -1.060858095203772e-001   -1.294293700558311e-001   -1.420381643302205e-001   -1.427477170304456e-001
   -1.369069716916560e-001   -1.288422342545319e-001   -1.216420735133664e-001   -1.161121043752523e-001   -1.105288925348957e-001
   -1.012175709536061e-001   -8.310642345548155e-002   -5.631050430250301e-002   -2.496531254903529e-002    5.877726297085561e-003
    3.156892784703103e-002    4.902735641269692e-002    5.731945814611274e-002    5.712465530959218e-002    4.982236656075691e-002
    3.746669440942822e-002    2.153901093193203e-002    5.194366257291127e-003   -6.498621954860642e-003   -7.221631946059266e-003
    8.987707526646455e-003    4.638918579335871e-002    9.418279426876670e-002    1.375592376627827e-001    1.619243747405105e-001
    1.566603235776344e-001    1.184172106457982e-001    5.301297029644064e-002   -2.381898667189759e-002   -8.610799825179268e-002
   -1.188310236107279e-001   -1.181008069115681e-001   -8.950552272972077e-002   -4.573506873353659e-002   -2.933540927816554e-003
    2.391050682612040e-002    2.304912077147623e-002    4.115652426954441e-003   -1.930079409526589e-002   -3.384637244603538e-002
   -3.031954231522685e-002   -6.570569270493641e-003    3.121596099562106e-002    6.786294585711275e-002    8.354963633573692e-002
    7.194084491925089e-002    3.628617999280608e-002   -1.222919628175684e-002   -5.775451288594223e-002   -8.387392537778118e-002
   -7.816433698637747e-002   -3.253124011770885e-002    3.443792644533616e-002    1.051390441663290e-001    1.620017749114795e-001
    1.918763793066593e-001    1.894349482225939e-001    1.592829102117837e-001    1.175160656673751e-001    8.993740274546448e-002
    8.853081957988666e-002    1.109930196226504e-001    1.427676772289907e-001    1.618361747673630e-001    1.458307805133872e-001
    8.032310590625157e-002   -2.911231986651254e-002   -1.416444249276701e-001   -2.240769459971182e-001   -2.539025268432453e-001
   -2.252073951159920e-001   -1.498662425467969e-001   -5.417932040575646e-002    2.526076762940297e-002    6.476364796033630e-002
    6.664273360154618e-002    4.268659646194592e-002    8.611669171249659e-003   -2.121059080025800e-002   -3.763987332472232e-002
   -3.824796360519053e-002   -2.814350293845130e-002   -1.784757612339502e-002   -1.502403981264154e-002   -2.548391611159361e-002
   -5.168820733521268e-002   -9.147769493971374e-002   -1.372344430440459e-001   -1.727663794774013e-001   -1.832962061460541e-001
   -1.660661998276712e-001   -1.274933269581413e-001   -8.081675742993240e-002   -4.156683889879897e-002   -2.227379927688377e-002
   -2.787251492886840e-002   -4.855340794095439e-002   -6.735986717704537e-002   -7.553906071166394e-002   -7.108024174142601e-002
   -5.744643986897911e-002   -4.087539220328606e-002   -2.674821158458429e-002   -1.655181126651563e-002   -7.655336192595457e-003
   -8.081515304427217e-004   -3.787234695337870e-004   -1.174614886479708e-002   -3.798726874511045e-002   -7.657482734799845e-002
   -1.156867389631954e-001   -1.341152405633461e-001   -1.227635014172955e-001   -8.433572763143776e-002   -3.139272842929262e-002
    1.850504589991087e-002    4.894689772194152e-002    5.137608603899438e-002    3.075414394134780e-002    1.188193534578197e-002
    1.076614741000722e-002    3.314794181659807e-002    7.345595310378641e-002    1.167859092729319e-001    1.435455334854700e-001
    1.333890394866082e-001    8.402315548638756e-002    1.413312062932424e-002   -5.571968758655413e-002   -1.067304797387975e-001
   -1.269976673572932e-001   -1.147187466894234e-001   -7.889621774771899e-002   -3.933821804605512e-002   -1.402659036559163e-002
   -8.307158402939215e-003   -2.030090029071537e-002   -4.372581571015356e-002   -7.100449144638993e-002   -9.618619539020278e-002
   -1.160714248370352e-001   -1.293863939268996e-001   -1.326446152873113e-001   -1.197885194460108e-001   -8.576984060209308e-002
   -2.998817582682866e-002    4.092165613301292e-002    1.110407045176670e-001    1.512164316663730e-001    1.490577831172626e-001
    1.066901908298203e-001    3.944894829468464e-002   -2.928753754661839e-002   -7.500079326830181e-002   -7.984237847476804e-002
   -3.730714096721677e-002    2.805774734801958e-002    8.854313527242905e-002    1.242101724411926e-001    1.249689413432671e-001
    9.204556642997050e-002    3.688186219749506e-002   -2.188326026145018e-002   -6.160994170542233e-002   -7.478719833670197e-002
   -6.218742216033957e-002   -3.022706708113585e-002    1.140179829429921e-002    5.210210206365949e-002    8.256641513072430e-002
    9.398962889335025e-002    8.711789792668329e-002    6.623911059640610e-002    3.700093440699465e-002    6.150861991685302e-003
   -1.945648265446046e-002   -3.388706018232308e-002   -3.235713689042456e-002   -1.475557699643153e-002    1.113331601110123e-002
    3.742850489630115e-002    5.654888707155502e-002    6.333096677924498e-002    5.662295330101367e-002    4.013330541097988e-002
    2.330135968365724e-002    1.536275347184712e-002    1.803706521209501e-002    2.767055928790182e-002    3.716454989866151e-002
    3.867333873169951e-002    2.661929122564598e-002    1.274540771028371e-004   -3.213791881004412e-002   -5.954706530326868e-002
   -7.616926535305682e-002   -8.069109374889219e-002   -7.618199647509227e-002   -6.877566580116237e-002   -6.540004583516711e-002
   -7.216437059451950e-002   -8.587777895320403e-002   -1.009200667011239e-001   -1.108805846190981e-001   -1.104037535917050e-001
   -9.671149228005978e-002   -7.064742059717272e-002   -3.729889675202303e-002   -6.802274936649620e-003    1.441635284567603e-002
    2.485820101359187e-002    2.731005944301728e-002    2.734903037690631e-002    3.091611484911538e-002    4.113082412049526e-002
    5.265150449377279e-002    5.315319467526142e-002    3.422601763446768e-002   -5.358977096326092e-003   -5.838531438789205e-002
   -1.105987793097912e-001   -1.445233552106092e-001   -1.424654534682072e-001   -1.076891776772232e-001   -5.824910836944449e-002
   -1.205210016012536e-002    1.727842191880592e-002    2.419020879107781e-002    1.242478153325227e-002   -6.732920717000780e-003
   -1.890117656974550e-002   -2.121215556589316e-002   -1.793839371758148e-002   -1.489432414386557e-002   -1.590084665716755e-002
   -2.069259530105164e-002   -2.450923387667622e-002   -1.870158706027469e-002   -6.764709530351775e-004    2.490686239591870e-002
    5.138280681426166e-002    7.273422697404849e-002    8.573417828249193e-002    9.101342285827098e-002    9.264292540666078e-002
    9.557364510358682e-002    9.944186635431618e-002    9.995084816728724e-002    9.153853195335088e-002    6.959253932030780e-002
    3.237690984834502e-002   -1.753405998643121e-002   -7.115583297212579e-002   -1.139819017307114e-001   -1.360261375057452e-001
   -1.322738049129900e-001   -1.042062629437057e-001   -6.007978510671518e-002   -1.380871578960376e-002    1.600919839581113e-002
    1.392643258654532e-002   -1.490238583071684e-002   -5.752616283181487e-002   -9.657647330208638e-002   -1.160479549587363e-001
   -1.065024145445542e-001   -6.902291770387288e-002   -1.761830336479126e-002    2.511946218786073e-002    4.970595029080301e-002
    5.645227425536344e-002    5.294753791784058e-002    5.008003556551575e-002    5.718004703364123e-002    7.750108856769963e-002
    1.020364803721735e-001    1.195434209545240e-001    1.245431032292981e-001    1.173353377600008e-001    1.030037119151152e-001
    8.907595723592217e-002    8.213816862458870e-002    8.492895113035648e-002    9.085485427135595e-002    9.480691754580062e-002
    9.420993172917400e-002    8.955574988652595e-002    8.376236811427515e-002    8.061288771621437e-002    8.268930749741872e-002
    8.730230841482287e-002    8.960208003248446e-002    8.644139757820749e-002    7.734684189485022e-002    6.473403015956572e-002
    5.320976040902443e-002    4.809006059188180e-002    5.328743612287337e-002    6.421896081553208e-002    7.516192305708355e-002
    8.068493343628229e-002    7.752722437828893e-002    6.566914761660947e-002    4.849344181437690e-002    3.224003579583715e-002
    2.132645853563730e-002    1.400569086695986e-002    5.538181569501277e-003   -9.329375671579085e-003   -3.381643883987098e-002
   -6.697932650700197e-002   -1.020399042525486e-001   -1.244318653512167e-001   -1.263689033513780e-001   -1.080561631405825e-001
   -7.724092226591929e-002   -4.668459072162462e-002   -3.029998748899098e-002   -3.838025602238033e-002   -7.378209893668453e-002
   -1.185443038866630e-001   -1.536577290998675e-001   -1.657854493476468e-001   -1.500527441234870e-001   -1.111898820613627e-001
   -6.218041415357448e-002   -2.119885225926735e-002   -3.635967489690220e-003   -5.205277385432540e-003   -1.528966573513787e-002
   -2.183399417057473e-002   -1.637530366403232e-002    2.476235068502371e-003    2.760477454311338e-002    4.210883736288245e-002
    3.510824151782841e-002    8.536125347360864e-003   -2.772346811788863e-002   -5.996609004279348e-002   -7.553116184996674e-002
   -6.742103169798709e-002   -3.726248047685715e-002   -5.178024773963650e-005    2.924820112206782e-002    4.412528559576025e-002
    4.473717264355245e-002    3.645143799965278e-002    2.728793307964925e-002    2.462095510720296e-002    3.320112502547695e-002
    4.848697393061415e-002    6.564081079568487e-002    8.039979779992107e-002    8.954435862322369e-002    9.104121504797437e-002
    8.391172231018071e-002    6.751390474348386e-002    4.441524152107784e-002    2.003529316601883e-002   -3.841764841285358e-005
   -1.093152994275205e-002   -1.000105424462361e-002    2.113569462935724e-003    2.113884982798204e-002    3.881978482045665e-002
    4.929070955764327e-002    5.158360638189020e-002    4.749863391344113e-002    4.016432595606701e-002    3.266545971214324e-002
    2.692663397896750e-002    2.353839893799105e-002    2.237196183060065e-002    2.403720281212390e-002    2.934581804579765e-002
    3.807364908413771e-002    4.843372340149529e-002    5.717933533533532e-002    6.040549203024353e-002    5.607311072945179e-002
    4.946491824385187e-002    4.636442199653034e-002    5.050420739414739e-002    6.125481382798673e-002    7.282831119633582e-002
    7.514758187435394e-002    5.426834358316757e-002    9.114760197385836e-003   -4.868763326752531e-002   -1.033522624296136e-001
   -1.393377265190561e-001   -1.462814607690834e-001   -1.226795209682943e-001   -7.749366492101437e-002   -3.214630052389426e-002
   -3.808426705417883e-003    2.110492513534475e-003   -1.144385471571107e-002   -3.558189220174997e-002   -5.882713721185717e-002
   -7.100583745530510e-002   -6.523891322114990e-002   -4.759010458951739e-002   -2.714066128068526e-002   -1.234638805501035e-002
   -9.624345621786721e-003   -2.193846881044387e-002   -4.803545040074279e-002   -8.223647155720673e-002   -1.130802222035939e-001
   -1.317026652000648e-001   -1.339712119598230e-001   -1.201154346242813e-001   -9.416580866973906e-002   -6.257834044946495e-002
   -3.215902006538221e-002   -8.197291135616852e-003    1.114238148845994e-002    2.937664360206707e-002    4.862656535819690e-002
    6.826568561785801e-002    8.463821828946178e-002    9.188395063109675e-002    8.288070734450033e-002    5.658715872590442e-002
    2.182137050807278e-002   -1.128530970894573e-002   -3.310418577984679e-002   -3.733980410006059e-002   -2.298488239677208e-002
    4.901719404716387e-003    3.446712090653236e-002    5.378032071124624e-002    5.835757679033132e-002    4.851221606501286e-002
    2.806742643164702e-002    2.622753844818358e-003   -2.236552658852582e-002   -4.277653430301414e-002   -5.739024893612631e-002
   -6.631853647794034e-002   -6.835486059299857e-002   -6.168445061971425e-002   -4.481305960471821e-002   -1.772395732945647e-002
    1.690428791333086e-002    5.114936125491647e-002    7.610426877895152e-002    8.716123172402923e-002    8.388375815248864e-002
    6.967905258255405e-002    5.048701863770651e-002    3.270429674614542e-002    2.093505842327036e-002    1.309100955741009e-002
    4.159308423795240e-003   -9.044999367367742e-003   -2.644426827363638e-002   -4.430156019506637e-002   -5.604489583917608e-002
   -5.394782073872668e-002   -3.284317953026797e-002   -1.018215282770746e-003    3.150438769805109e-002    5.468919123595417e-002
    6.166522259472710e-002    5.087966245536373e-002    2.700401671827561e-002    1.263022698363283e-003   -1.377915370890548e-002
   -1.412307333614434e-002   -1.305786611173535e-003    1.931781344133384e-002    4.064176586865993e-002    5.596639626741671e-002
    6.032068274017891e-002    5.167212100905849e-002    3.308806782886018e-002    6.712644993518601e-003   -2.448869660153603e-002
   -5.632868607778604e-002   -8.330118569304168e-002   -9.894249463057307e-002   -9.461813272946280e-002   -7.240177643242790e-002
   -4.040805124499075e-002   -9.594223413969287e-003    9.267097082098871e-003    9.105573446843804e-003   -1.055019181043891e-002
   -4.153899027681212e-002   -6.529189625830469e-002   -6.955585017659795e-002   -5.183746867526212e-002   -1.787504113425978e-002
    2.088866705022026e-002    5.107235911035891e-002    6.194363779143415e-002    4.775142578229641e-002    2.065861742903637e-002
   -7.874684965857720e-003   -2.897075706359640e-002   -3.789279951306956e-002   -3.456726662948050e-002   -2.290807180912591e-002
   -9.332739297302531e-003   -4.833841845868323e-004    1.450351028098028e-003   -3.559703783539660e-003   -1.401763469650399e-002
   -2.729092897795956e-002   -4.004887503018124e-002   -4.877259775251815e-002   -4.935154943877952e-002   -4.340107545495630e-002
   -3.400613492004512e-002   -2.504482779166059e-002   -1.961492528601674e-002   -1.880888724022922e-002   -2.100927327257292e-002
   -2.157804865262263e-002   -1.608603744313263e-002   -5.332491534643062e-003    7.068747212458880e-003    1.665030838252447e-002
    2.017385577830588e-002    1.727002762626982e-002    1.130447446351892e-002    9.388371693026060e-003    1.409355364099413e-002
    2.293362046836226e-002    3.089884804363685e-002    3.325226814277432e-002    2.804492891367381e-002    1.795738303655262e-002
    1.198652365729928e-002    1.916262234666188e-002    3.918392784540675e-002    6.534563088954905e-002    8.725164526423389e-002
    9.459819646552384e-002    8.103083432338669e-002    4.718856694234015e-002    5.014335525183185e-003   -2.926178899590297e-002
   -4.703771499355339e-002   -4.589188933358371e-002   -2.904946763288035e-002   -3.702671439374815e-003    2.153325680556148e-002
    3.807583321066072e-002    4.367642493872282e-002    4.006639287190540e-002    2.971296517987370e-002    1.530686897027919e-002
   -8.083934395587654e-004   -1.695137300879000e-002   -3.207970233821011e-002   -4.537953771509503e-002   -5.592014727163445e-002
   -6.169583220387427e-002   -6.016384435606402e-002   -4.920322949361378e-002   -2.830352535274864e-002    1.572096225887103e-004
    2.814586659080318e-002    4.472811287827141e-002    4.441207699832660e-002    2.772791227958889e-002    1.174365344509596e-003
   -2.464063683154606e-002   -3.820744693746618e-002   -3.040053751011861e-002   -4.317124402896090e-003    2.537583993058953e-002
    4.628036241529978e-002    5.041433963738018e-002    3.633766000882727e-002    9.310846127402786e-003   -2.063183007118556e-002
   -4.084272791118057e-002   -4.898243861398531e-002   -4.907159211314834e-002   -4.699404419753631e-002   -4.770469425180471e-002
   -5.327896971158667e-002   -6.199582699405947e-002   -6.818097204290675e-002   -6.550484075335165e-002   -5.347214220002054e-002
   -3.493223600956505e-002   -1.504643643667604e-002    2.582172361157804e-004    5.925758046656033e-003   -7.257671642498769e-004
   -1.902937199421245e-002   -4.018127842182883e-002   -5.700868374490479e-002   -6.383003943346846e-002   -5.791558351370166e-002
   -4.024109637570555e-002   -1.548459299891932e-002    8.014188678335131e-003    2.174190377989364e-002    2.348116026766706e-002
    1.454199844252796e-002   -1.253640305609805e-003   -1.886388713419407e-002   -3.331967551319796e-002   -4.061417339925384e-002
   -3.756937300712285e-002   -2.611589212034416e-002   -8.396354672916254e-003    1.221530063437310e-002    3.151937145940020e-002
    4.519301397608567e-002    4.975050099742399e-002    4.297932168743786e-002    2.914655746962024e-002    1.402333339460754e-002
    2.068954478636711e-003   -4.262712882374991e-003   -4.961573558025570e-003   -2.169557302697627e-003    8.573221862482062e-004
    1.764655694362234e-003    1.698716345573621e-003    2.685165967259349e-003    6.305330922367675e-003    1.301548854424806e-002
    2.197455882090808e-002    3.137806568207789e-002    3.893132623922644e-002    4.362429214931041e-002    4.511971708829199e-002
    4.285804409840882e-002    3.631553840909954e-002    2.553004142352777e-002    1.174601771701505e-002   -1.603085363254368e-003
   -8.427626320237937e-003   -6.432523341441364e-003    2.700960473500660e-003    1.370871141460655e-002    1.953812257421904e-002
    1.381502896297350e-002   -6.284401460483089e-003   -3.684262049602330e-002   -6.389701025031147e-002   -7.732605308141810e-002
   -7.231370483619286e-002   -5.018646478180284e-002   -1.769092411956159e-002    1.515023674964508e-002    3.744195486780845e-002
    4.402708548997766e-002    3.943125088465005e-002    2.900903583507994e-002    1.756649082332358e-002    8.049924302281889e-003
    1.146340810519987e-003   -4.134115884086334e-003   -8.543419913844136e-003   -1.103851603164487e-002   -9.778427772216415e-003
   -3.815055117772691e-003    6.222511217580364e-003    1.811719463082355e-002    2.864888184658879e-002    3.441668263841859e-002
    3.507855713068244e-002    3.329864260707457e-002    3.150804929696788e-002    3.117676932148566e-002    3.237132963151131e-002
    3.386844653003799e-002    3.385205558042717e-002    3.122747147679664e-002    2.792996058841936e-002    2.599580904735660e-002
    2.657479559839985e-002    2.937664099195366e-002    3.275050386178395e-002    3.435158862033422e-002    3.233347245939421e-002
    2.880127965513994e-002    2.794690829225434e-002    3.324266750476255e-002    4.610947423487047e-002    6.517851429334241e-002
    8.633496277273585e-002    1.034105500801655e-001    1.094045117134984e-001    1.048070085826089e-001    9.250736782698971e-002
    7.676709850441159e-002    6.172109410757983e-002    5.022939320568219e-002    4.318804240420159e-002    3.974183988296622e-002
    3.746051331584091e-002    3.513334420263308e-002    3.227994755326222e-002    2.855281235821285e-002    2.342734331192765e-002
    1.605574366921286e-002    5.229410594104356e-003   -9.700391225480744e-003   -2.686058907316875e-002   -4.390258313863851e-002
   -5.830137902792605e-002   -6.805012053134757e-002   -7.219480692886685e-002   -7.114467679042144e-002   -6.651008678426051e-002
   -6.124170757190754e-002   -5.660768645128637e-002   -5.266831397414144e-002   -4.861413149171731e-002   -4.317832271398016e-002
   -3.515672207022332e-002   -2.382350955022801e-002   -9.956171331178505e-003    4.566166964134104e-003    1.847030968957665e-002
    3.099379934270675e-002    4.183559226246679e-002    5.090208298461584e-002    5.788135983746223e-002    6.085975767470370e-002
    5.845212461740833e-002    5.016813634312731e-002    3.717077316434168e-002    2.221537266410033e-002    8.951148786290480e-003
    7.952073440354947e-004   -2.723491343842121e-004    2.831513554882106e-003    4.787389827014502e-003    2.168018995388982e-003
   -5.807088731690161e-003   -1.702232511634658e-002   -2.715342132148354e-002   -3.131149245413941e-002   -2.571086420330972e-002
   -1.528150343375573e-002   -5.572829047915518e-003   -1.165102954455797e-003   -3.993632508107868e-003   -1.275271634430878e-002
   -2.335102614668019e-002   -3.011177433106094e-002   -3.070716242174096e-002   -2.810709075459730e-002   -2.620695101406413e-002
   -2.793195888623387e-002   -3.384511746506178e-002   -4.159395136822582e-002   -4.627846184777758e-002   -4.130247992331109e-002
   -2.728870377407389e-002   -7.965567407930523e-003    1.106241599891567e-002    2.412656097689847e-002    2.705483842261497e-002
    1.834155823868517e-002   -9.028206243816182e-004   -2.454112997255867e-002   -4.708996495478855e-002   -6.447681442565607e-002
   -7.378122446374148e-002   -7.349762191096833e-002   -6.370981264145241e-002   -4.610642254959104e-002   -2.513984057507988e-002
   -6.643556456941447e-003    5.702111079855073e-003    1.008258528727585e-002    6.831243395067655e-003   -1.765036770402430e-003
   -1.211810503054550e-002   -1.992079587972963e-002   -2.332577193822030e-002   -2.312074464858853e-002   -2.072670755772398e-002
   -1.736924506629625e-002   -1.344980806544647e-002   -8.261664550227466e-003    3.854703133617356e-005    1.316900825266109e-002
    2.954176338220268e-002    4.619971217304561e-002    5.938156907621139e-002    6.561040578877858e-002    6.270336848819748e-002
    5.058385794379368e-002    3.145957581076399e-002    1.126356467615436e-002   -6.213043970256156e-003   -1.886117577352981e-002
   -2.615059040779345e-002   -2.888435637048736e-002   -2.871915771423392e-002   -2.756332053612864e-002   -2.700432559986539e-002
   -2.731297548130899e-002   -2.807295622517579e-002   -2.851711548866692e-002   -2.780246073650501e-002   -2.531333948243589e-002
   -2.097938178281396e-002   -1.582601766635892e-002   -1.202368278223531e-002   -1.090449133431944e-002   -1.258281236149319e-002
   -1.577694701678417e-002   -1.811654239689481e-002   -1.688181086824759e-002   -9.947872602248688e-003    6.123367002950247e-004
    9.652365287281797e-003    1.263576808421118e-002    7.005473821362534e-003   -6.756833964747880e-003   -2.491285426762425e-002
   -4.119897778645596e-002   -4.722519800811253e-002   -4.279627141558008e-002   -3.144724863826659e-002   -1.867965402418705e-002
   -9.752857635855046e-003   -7.880352531012257e-003   -1.302009672798940e-002   -2.147576936941226e-002   -2.722660889484094e-002
   -2.798197783638264e-002   -2.441998156816836e-002   -1.895159332314470e-002   -1.446376256854103e-002   -1.307763043478029e-002
   -1.518594005047013e-002   -1.878100309911044e-002   -2.102204808994360e-002   -2.069611152185685e-002   -1.764180706036004e-002
   -1.241469843330468e-002   -5.900353213544620e-003    1.046117661186539e-003    7.527921526975975e-003    1.230802048946527e-002
    1.408910175955724e-002    1.186173082547453e-002    5.490597441941870e-003   -4.017147986351536e-003   -1.456424562190954e-002
   -2.329414122434464e-002   -2.770157502578674e-002   -2.871765160964685e-002   -2.801264353393253e-002   -2.701350472921655e-002
   -2.604918858420076e-002   -2.400966393942379e-002   -1.859643537800465e-002   -6.838967024597581e-003    9.490457582596782e-003
    2.578192330946291e-002    3.697212372193627e-002    3.934680536740364e-002    3.201969568667770e-002    1.770318964041147e-002
    2.836451810534167e-003   -4.003324407662201e-003   -8.498902600048460e-004    9.854895509123844e-003    2.294232169893080e-002
    3.258130842886299e-002    3.430592520984318e-002    2.674448871631089e-002    1.251228833679215e-002   -1.214163515209821e-003
   -1.035229310308084e-002   -1.346088735970574e-002   -1.141728405522212e-002   -6.703745067735241e-003   -2.342401645443275e-003
   -8.617441972903676e-004   -2.419320321594542e-003   -4.862131662760076e-003   -6.154677523764605e-003   -4.866345381683919e-003
   -6.565102074984298e-004    5.526339441292153e-003    1.156800789640127e-002    1.392399953824580e-002    1.164780449403092e-002
    5.898099899094480e-003   -6.212039186397084e-004   -4.643295402972121e-003   -3.492560335366598e-003    3.775502890012557e-003
    1.536278862606958e-002    2.565471288604385e-002    3.062150774502999e-002    2.923446982067442e-002    2.320320139148667e-002
    1.618884471790502e-002    1.248908705934770e-002    1.539825815328036e-002    2.562040314470436e-002    3.820725635665422e-002
    4.929230873112536e-002    5.622197618405357e-002    5.796260635662667e-002    5.497510680232316e-002    4.866527213599897e-002
    4.049183107574182e-002    3.185500293714277e-002    2.386946560545580e-002    1.778728320640851e-002    1.469373370176423e-002
    1.493927405089197e-002    1.764983804519744e-002    2.036729868469724e-002    1.911838039320288e-002    1.350259154553496e-002
    6.110657021890042e-003    1.324047643745690e-003    3.414409851693882e-003    1.460761349446846e-002    3.339069207255845e-002
    5.241413989796392e-002    6.122546312518201e-002    5.543180082053303e-002    3.615778256304107e-002    9.217023664921447e-003
   -1.688086894292987e-002   -3.361017052613680e-002   -3.487159443800656e-002   -2.134072615114048e-002   -2.165336943930530e-003
    1.562517234083341e-002    2.708432079842056e-002    3.013936010573883e-002    2.554207022207139e-002    1.604804070595202e-002
    5.114224862235860e-003   -4.746049741762920e-003   -1.296068971501372e-002   -1.934416191861607e-002   -2.372142722452590e-002
   -2.586364694274382e-002   -2.562647037362264e-002   -2.327190901257342e-002   -2.046034791590137e-002   -1.928083612986850e-002
   -2.097453704636044e-002   -2.559498926014865e-002   -3.181352025098991e-002   -3.708563329599589e-002   -3.820170551015315e-002
   -3.123722894065939e-002   -1.761680565770989e-002   -9.087140412816601e-004    1.419896187275382e-002    2.329155965191358e-002
    2.361766333205758e-002    1.518133263816564e-002    1.391297440695450e-003   -1.058752734609929e-002   -1.652057020445476e-002
   -1.601590241872182e-002   -1.155547892351340e-002   -7.177707521410171e-003   -6.764689089301565e-003   -1.214232734282655e-002
   -2.108104337592788e-002   -2.731490282317368e-002   -2.739363571386137e-002   -2.095947094344539e-002   -1.062568774831110e-002
   -9.169963645901667e-004    3.492486759936480e-003   -3.978798691073139e-004   -9.220536677117001e-003   -1.702382944058729e-002
   -1.967861770086923e-002   -1.571462307564402e-002   -6.643490491725784e-003    3.614941704649037e-003    1.010390132630838e-002
    8.607415555743412e-003    1.669027719212759e-003   -7.001920057164790e-003   -1.375057038169234e-002   -1.624117326305253e-002
   -1.411937772502478e-002   -9.044341848367318e-003   -4.202676511478497e-003   -1.993936051786286e-003   -2.023788008082660e-003
   -2.688380475427419e-003   -2.074685118694011e-003    1.241303683013624e-003    7.585042164239243e-003    1.585781264769733e-002
    2.317382168718784e-002    2.724676025158331e-002    2.718833251373502e-002    2.327793605505390e-002    1.674720282546875e-002
    9.405075015982393e-003    3.144628168872956e-003   -2.555975034423252e-004   -9.399741516163979e-004   -6.341513456766603e-005
    1.080660380974562e-003    1.420651653531080e-003    4.651878850628975e-004   -1.494937146404605e-003   -3.324258870156984e-003
   -3.426339324562122e-003   -1.796028179769789e-003    3.667444965745960e-004    1.161137953224656e-003   -1.216438201786547e-003
   -7.630000659755500e-003   -1.722814878027079e-002   -2.617429415121170e-002   -2.961351596666763e-002   -2.561657584751331e-002
   -1.518540357678438e-002   -1.874990454530313e-003    9.379821946527088e-003    1.396071529050278e-002    9.300717788151211e-003
   -9.452346353793553e-004   -9.579894842681607e-003   -1.188354125503340e-002   -6.444587257566851e-003    4.472073994561678e-003
    1.569239280879606e-002    2.102420303745110e-002    1.504481633543997e-002    2.129007227449181e-003   -1.156308095400985e-002
   -2.054522269739030e-002   -2.190416712218805e-002   -1.616047074085299e-002   -7.015263255379821e-003   -1.414022646209815e-004
    1.188454068006687e-003   -7.016793924242758e-004   -2.195862889047016e-003   -3.626842475122443e-004    5.658577439185402e-003
    1.410082312825327e-002    2.100988990171218e-002    2.113668005613276e-002    1.530756589758892e-002    6.841985600913854e-003
   -1.322000748905290e-004   -2.401411742951646e-003    1.160616870109838e-003    9.067572402529416e-003    1.729827852399498e-002
    2.154319707013008e-002    2.111644129872811e-002    1.735967599940765e-002    1.269248459284774e-002    9.690625126141749e-003
    1.026447265783748e-002    1.514210272355401e-002    2.341329441414614e-002    3.201989402241456e-002    3.840666135949081e-002
    4.035785271631591e-002    3.654753555519980e-002    2.701116399357114e-002    1.347403222883675e-002   -4.929795136393448e-006
   -8.446211813860760e-003   -1.008056221402099e-002   -5.813808764358009e-003    1.301143276430241e-003    7.199845324366346e-003
    8.262339611507720e-003    2.787591240332453e-003   -6.695574196975696e-003   -1.478086519717202e-002   -1.840527902984503e-002
   -1.697516594240761e-002   -1.226222622191849e-002   -7.567627264453110e-003   -6.280044446015274e-003   -1.035472369227377e-002
   -1.675753678473099e-002   -2.186545247529560e-002   -2.341153435519546e-002   -2.100274807059569e-002   -1.602974415437169e-002
   -1.096507852738478e-002   -8.190617851876038e-003   -7.849107749307046e-003   -7.629428740543688e-003   -5.885126153781882e-003
   -2.282449457210664e-003    2.097786948614614e-003    5.232276437090072e-003    5.154821042360916e-003    1.290438991540101e-003
   -3.043282136095009e-003   -4.828543555621564e-003   -2.597009998929081e-003    3.052319914595877e-003    9.643627792555639e-003
    1.366167096963948e-002    1.165281753422696e-002    3.717823987985717e-003   -6.088255913516641e-003   -1.402222050718805e-002
   -1.753160613888307e-002   -1.600599510280985e-002   -1.089776879922655e-002   -5.157141408987691e-003   -2.587113242137729e-003
   -3.791189107520355e-003   -7.669652849658325e-003   -1.258988826111122e-002   -1.709213592883319e-002   -2.031243204868801e-002
   -2.211161347898901e-002   -2.273413686690795e-002   -2.241069161112194e-002   -2.116093434110724e-002   -1.914287989529211e-002
   -1.690375687391686e-002   -1.523710118715669e-002   -1.484584323877423e-002   -1.581863163931947e-002   -1.651159851488235e-002
   -1.444303846855836e-002   -8.298925341208593e-003    1.549744488857517e-003    1.303356390437629e-002    2.293194442581818e-002
    2.789034735804147e-002    2.535648511301055e-002    1.773793910537068e-002    9.568325268185381e-003    4.365799805154734e-003
    3.799864102800011e-003    7.214584222039635e-003    1.189048694971724e-002    1.401016343406945e-002    1.076891989433657e-002
    4.809343647870703e-003   -8.516904686840235e-005   -6.379597049309851e-004    4.479483993783923e-003    1.395829983451831e-002
    2.400091227418985e-002    2.873892884703341e-002    2.599664897426483e-002    1.835106306737907e-002    9.912313780843507e-003
    4.569202162672609e-003    4.436514657723004e-003    8.909773470668899e-003    1.448598105555984e-002    1.586629085165173e-002
    1.193233448548997e-002    4.410073795664398e-003   -3.759603912219760e-003   -9.933928321073851e-003   -1.293827829330770e-002
   -1.370408353699841e-002   -1.521483562153534e-002   -1.923818909371769e-002   -2.450757859029388e-002   -2.846137017889063e-002
   -2.868490973620415e-002   -2.409940242260457e-002   -1.571689965512776e-002   -6.841934262230091e-003   -1.750466710340784e-003
   -9.602385508317023e-004   -2.760434147781898e-003   -4.614463488521534e-003   -4.453680807227194e-003   -1.645749355479582e-003
    2.543339100154103e-003    4.899263335412197e-003    3.862499915423623e-003    3.146998008970957e-004   -3.754720998239499e-003
   -6.317634680684395e-003   -6.186389317068710e-003   -3.577021619042348e-003   -2.038692858942243e-004    1.648468185277107e-003
    1.561135706217829e-003    1.662193726713861e-004   -1.609925213053036e-003   -3.074500618127840e-003   -4.075985282987782e-003
   -5.001402307584291e-003   -6.250021622932028e-003   -7.221420619632375e-003   -6.998279238009456e-003   -5.025776777998479e-003
   -1.470929232352233e-003    2.741090279109785e-003    6.187338470140805e-003    7.351075449137467e-003    6.177234248661301e-003
    3.738389443029253e-003    7.348027634857459e-004   -2.734469602933167e-003   -7.132851809982273e-003   -1.313199435673034e-002
   -2.094097252887230e-002   -2.878306496372999e-002   -3.340977771569620e-002   -3.251484497719213e-002   -2.548054038686450e-002
   -1.370095768450207e-002   -3.104022077519441e-004    1.063139899325110e-002    1.475136973732642e-002    1.186957615572657e-002
    5.147118799931285e-003   -1.784753581256021e-003   -5.730239295164611e-003   -4.873716406256225e-003    6.639237671152111e-004
    8.723775903689182e-003    1.498174442115492e-002    1.661695082276801e-002    1.291956796903815e-002    4.845759960737347e-003
   -5.392045812748415e-003   -1.492781949919752e-002   -2.097782431887184e-002   -2.091965629646827e-002   -1.547103101381785e-002
   -6.724202205659400e-003    2.990458845851796e-003    1.141800630339081e-002    1.682581694015470e-002    1.832084340809798e-002
    1.587517287692283e-002    1.083508116185948e-002    5.483814796044312e-003    1.482793502781210e-003    3.127463391409373e-005
    1.596404764413443e-003    5.743573652011295e-003    1.109141764093583e-002    1.491525108411283e-002    1.504486054386933e-002
    1.111784107199582e-002    4.218985309962671e-003   -3.456582699849333e-003   -9.256683141993688e-003   -1.088812107617187e-002
   -7.063267593361591e-003    6.568396193224956e-004    8.900256253657823e-003    1.527089513754044e-002    1.839134620848041e-002
    1.805916901952318e-002    1.507902915023504e-002    1.079471552921258e-002    6.524021976471489e-003    2.880799000926394e-003
    1.390391003404665e-004   -1.254034149658510e-003   -7.767598022643931e-004    1.878189100455624e-003    6.412032775371610e-003
    1.127250308149569e-002    1.338542067508404e-002    1.103519888821629e-002    4.269427852394189e-003   -5.111122444995700e-003
   -1.413269583663255e-002   -1.959398966173694e-002   -1.926981104631880e-002   -1.306996727111380e-002   -5.551793373153291e-003
   -6.134419743005848e-005    1.516577236848449e-003   -7.903035322968915e-004   -5.224262224782452e-003   -9.028552313236725e-003
   -9.381876941053857e-003   -6.299296052685174e-003   -2.118087920567278e-003    9.376753481375336e-004    1.489644604230017e-003
   -5.215120501768333e-004   -3.803384494078942e-003   -6.114360167210805e-003   -4.991651658238734e-003   -8.463338194696579e-004
    4.962520784546147e-003    1.078563175384449e-002    1.534773229903438e-002    1.818805238918909e-002    1.983475668802735e-002
    2.175062209278370e-002    2.509749873930926e-002    2.947325984842111e-002    3.352761022426878e-002    3.550012636186010e-002
    3.386959702954208e-002    2.799681923652029e-002    1.866329016131432e-002    9.106095746176265e-003    2.820114622841205e-003
    1.474997748608452e-003    4.863604682662904e-003    1.100436797896345e-002    1.671781314282966e-002    1.862521109545812e-002
    1.395911628234613e-002    5.022799467702617e-003   -4.166491323598866e-003   -9.908645171525156e-003   -9.892214573655755e-003
   -3.937454001329371e-003    5.838749894754664e-003    1.534750801807618e-002    2.000685850162508e-002    1.939329913583738e-002
    1.514602362702321e-002    9.808426763729609e-003    5.667400514331627e-003    3.840600251625457e-003    3.752911408489317e-003
    3.014455757546335e-003    2.990304270265344e-005   -4.380939697047359e-003   -8.044468221704591e-003   -8.579247534526571e-003
   -4.578944078150227e-003    3.378724582935254e-003    1.180281374312720e-002    1.469901588941734e-002    9.812588448849500e-003
   -1.485028008060356e-003   -1.488905737531921e-002   -2.471360387500868e-002   -2.586602655233827e-002   -1.602653206023459e-002
    2.356832638638473e-003    1.970919744761866e-002    2.983280042130296e-002    3.009331863192989e-002    2.177055083441441e-002
    9.265217225713267e-003   -1.639678558812311e-003   -5.824854961590764e-003   -3.854093592033386e-003   -4.853298758625214e-004
    5.452369611804097e-004   -2.336046531117557e-003   -8.079136295875740e-003   -1.351201845852416e-002   -1.478032194154726e-002
   -9.579547741522310e-003   -1.977162917422060e-003    3.743258149880075e-003    4.556778765883646e-003   -1.733371516819235e-004
   -8.518242378955218e-003   -1.670164445092056e-002   -2.030293869838584e-002   -1.872390119304838e-002   -1.488604854424399e-002
   -1.174307595431577e-002   -1.112687533175101e-002   -1.308183132594547e-002   -1.587794841117188e-002   -1.670623689198928e-002
   -1.324662694033097e-002   -7.106663626768376e-003   -6.538564009449007e-004    3.909156957191666e-003    5.273525236189355e-003
    3.314155278052264e-003   -1.058551554230663e-003   -6.566244955476507e-003   -1.222268088073015e-002   -1.768094826996268e-002
   -2.238345738650050e-002   -2.541313743464430e-002   -2.573346043925730e-002   -2.263789056823051e-002   -1.635141103755897e-002
   -9.314712100650855e-003   -4.624408878177850e-003   -3.860994311499852e-003   -6.997874797285581e-003   -1.253862123544951e-002
   -1.807213556850215e-002   -2.117608896225280e-002   -2.018781258240365e-002   -1.677562636630904e-002   -1.309258514739585e-002
   -1.067983136960355e-002   -1.012126277567820e-002   -1.097774346806084e-002   -1.204761602763494e-002   -1.183760414549738e-002
   -9.631233614416434e-003   -6.320872069730494e-003   -3.048646400603889e-003   -9.192123592343964e-004   -7.093083995147521e-004
   -2.684621280175348e-003   -6.532967196572362e-003   -1.126924391366606e-002   -1.518353074977336e-002   -1.703580249188429e-002
   -1.606791565300533e-002   -1.223418744591360e-002   -6.294110783602152e-003    2.622026710119053e-004    5.273710867560662e-003
    7.016484193046492e-003    5.904685533228548e-003    3.222817518897808e-003    6.609460267068343e-004   -3.111774027267461e-004
    1.025216380627611e-003    4.286089169585378e-003    7.721241109482763e-003    9.531210367557334e-003    9.268601081161950e-003
    7.432508227893144e-003    5.112375698172841e-003    3.526407879535465e-003    3.527581183487271e-003    5.253192680587337e-003
    7.580339501363485e-003    9.376221224198686e-003    1.001517411271488e-002    9.269440964108720e-003    7.215434844923006e-003
    4.094412018019854e-003    1.607665044153132e-004   -4.256561116354062e-003   -8.410553138786079e-003   -1.145873866014017e-002
   -1.259387828646951e-002   -1.132811852867508e-002   -7.698119232784366e-003   -2.357742728450707e-003    3.455410367685737e-003
    8.490152693307947e-003    1.252377720651240e-002    1.579391139486446e-002    1.857494727056612e-002    2.086153726279999e-002
    2.218944272149996e-002    2.158977209043164e-002    1.808537186601208e-002    1.273057387252864e-002    7.168334197535973e-003
    3.170097835291237e-003    1.922388770451330e-003    3.513430813711630e-003    6.699062428179397e-003    8.776069781990756e-003
    7.755793591500838e-003    4.002294014662825e-003   -8.356548839083776e-004   -4.635575279106192e-003   -5.676529683308054e-003
   -3.392297870443136e-003    1.144398089169674e-003    4.969176974219658e-003    6.145455392528134e-003    4.545279931228794e-003
    1.289517848029451e-003   -1.884279129131950e-003   -3.365500387468163e-003   -2.420741717614768e-003    1.962054526063030e-004
    2.144191946076540e-003    2.145876763128499e-003    1.245387741256447e-004   -2.916650044599001e-003   -5.293727349307224e-003
   -5.265709681985505e-003   -1.665970022900941e-003    4.423596259960782e-003    1.019960247752596e-002    1.342925352703712e-002
    1.293177611188544e-002    9.021888274683872e-003    3.536826754428570e-003   -6.001471233703374e-004    3.396042476002815e-004
    5.829090217866181e-003    1.310610932497588e-002    1.848256788819110e-002    1.879129475510125e-002    1.263874848030336e-002
    1.252436299751084e-003   -1.098036207386509e-002   -1.793608486287892e-002   -1.792598401834856e-002   -1.263643393270710e-002
   -5.826312306148680e-003   -1.593679134017510e-003   -2.594506712935913e-003   -8.487110880793562e-003   -1.429049767476219e-002
   -1.449770284498153e-002   -7.791606136782260e-003    3.578362796563032e-003    1.497253044683810e-002    2.119393058860025e-002
    1.866978431584783e-002    7.349618310410312e-003   -5.979292102097857e-003   -1.495486720547387e-002   -1.670893381428534e-002
   -1.181539322141950e-002   -3.642815224083392e-003    3.087887134034070e-003    4.275501916144437e-003   -9.817101916717612e-004
   -7.777630285941611e-003   -1.206972195311634e-002   -1.155312206036250e-002   -6.328159037225452e-003    1.252696902627805e-003
    7.484330712212297e-003    8.311757355368809e-003    3.725134325073989e-003   -3.388055026451289e-003   -9.973540142172235e-003
   -1.375594908042616e-002   -1.394346870491618e-002   -1.143086397997384e-002   -8.457237337801390e-003   -7.546912845993287e-003
   -8.612303923851792e-003   -1.024447996972526e-002   -1.074612885982018e-002   -8.968110444500093e-003   -4.873574906679071e-003
    2.508303984413530e-004    3.713057263558043e-003    3.856095966115842e-003    1.160075310324769e-003   -2.812403247674476e-003
   -6.115204646766277e-003   -7.132503754670892e-003   -5.163079741386024e-003   -7.024615600925918e-004    4.231265877831346e-003
    7.673457769472238e-003    8.474170417144905e-003    6.088209902668683e-003    6.677928891997630e-004   -6.860448689435991e-003
   -1.474201588384174e-002   -1.961303025263630e-002   -1.936368356327742e-002   -1.432138826091499e-002   -6.952821535435664e-003
   -9.478873051718623e-004    3.285007521208699e-004   -4.375128547547380e-003   -1.198615328485987e-002   -1.352853360351878e-002
   -3.908767657551410e-003    1.505286089425418e-002    3.498447553515777e-002    4.385953935640177e-002    3.058518377581505e-002
   -9.093077250195307e-003   -6.368980871499017e-002   -1.026710141419893e-001   -1.054611905806609e-001   -6.566430364243420e-002
    6.291892328773786e-003    8.567451020654235e-002    1.405090483110270e-001    1.387111250480935e-001    8.160585607366952e-002
    2.618158227086338e-003   -6.487394464121615e-002   -9.601603141331228e-002   -8.243190262912210e-002   -3.502161547277775e-002
    1.914423371526159e-002    4.274376629623101e-002    3.048964048583501e-002   -3.390812713583854e-003   -3.683073401312868e-002
   -5.031641160839401e-002   -3.483020885655856e-002    3.520858376238599e-003    4.197136837317082e-002    5.515929927855376e-002
    4.022606797825265e-002    8.091488422058361e-003   -2.364372322693321e-002   -3.843319916155972e-002   -2.777461726431204e-002
    3.923137871106317e-003    3.556328575156339e-002    4.852991918084341e-002    3.906673205866822e-002    1.413644527364629e-002
   -1.297756965732096e-002   -2.834839040792387e-002   -2.352990304691131e-002   -3.300809289326426e-004    2.396478462979502e-002
    3.698676022749441e-002    3.498529845319394e-002    2.188278179387272e-002    6.695486809910936e-003   -5.841778488093188e-004
    6.272389862496569e-003    2.262796259318131e-002    3.588094171710939e-002    3.858510198921455e-002    2.947761659001260e-002
    1.334525023701998e-002   -1.095926466787348e-003   -5.011843593448198e-003    6.444556888622764e-003    2.394001778073787e-002
    3.692189822078525e-002    3.872066876925615e-002    2.842870088319864e-002    1.096404950448681e-002   -4.751962030547648e-003
   -8.742749656472558e-003    2.154073365480757e-003    1.962100522227915e-002    3.486857683156296e-002    4.120588094957810e-002
    3.624831978896086e-002    2.261275119604099e-002    6.959410780242188e-003   -1.289538402617671e-003    3.004329443975631e-004
    8.894295509331818e-003    1.964297711061682e-002    2.764422837280576e-002    2.950456014104388e-002    2.432096243284988e-002
    1.371269999468679e-002    2.028554169961735e-003   -7.334170175396294e-003   -1.265331883801980e-002   -1.338362902581636e-002
   -1.006891451001599e-002   -4.152058170470596e-003    2.300142892245681e-003    6.404114183975442e-003    7.223856459546745e-003
    5.310941039539405e-003    2.218449358627300e-003   -1.807695257091475e-004   -4.146015897650165e-004    1.932626824438590e-003
    5.681840577528951e-003    8.043108647535706e-003    7.461215848559220e-003    3.826753773341227e-003   -1.860901323084458e-003
   -8.009902320136916e-003   -1.306189097872932e-002   -1.609322846509546e-002   -1.712610854404622e-002   -1.722855837833040e-002
   -1.669171064586131e-002   -1.538914822652972e-002   -1.305891069563990e-002   -9.632161255839941e-003   -5.539081249350040e-003
   -2.053186715200336e-003   -5.181600443877460e-004   -1.050809580966522e-003   -2.971175257404823e-003   -5.190700552214505e-003
   -6.712268820327869e-003   -7.094521588352623e-003   -6.806012927259273e-003   -7.400308004180535e-003   -9.694166478144816e-003
   -1.333671680817171e-002   -1.713782717981562e-002   -1.958751951645007e-002   -1.945295214756151e-002   -1.636793975859307e-002
   -1.129436108104166e-002   -6.732374303941338e-003   -4.129578365253970e-003   -3.801666240686851e-003   -5.159817045481038e-003
   -7.111496314689926e-003   -8.595579987551533e-003   -9.155338229930404e-003   -9.522133312424408e-003   -1.064362571654538e-002
   -1.262524905474896e-002   -1.478230497410518e-002   -1.595297936113492e-002   -1.499766425661426e-002   -1.141563459712300e-002
   -6.031517251226361e-003   -1.432150887932868e-003    7.253860470548220e-004   -2.315801853914874e-005   -2.960716646751242e-003
   -6.524725100536652e-003   -8.905282642669411e-003   -8.714935312188678e-003   -6.387115503417893e-003   -3.816472876763093e-003
   -2.398131811278775e-003   -2.769797791062343e-003   -4.670500790365728e-003   -7.085980115901554e-003   -8.670682128473640e-003
   -8.132115817345093e-003   -6.020175357067850e-003   -3.298729205128213e-003   -8.826883684060923e-004    6.599639143368316e-004
    1.243671060299579e-003    1.231522535204594e-003    1.234706393282099e-003    1.613468628837218e-003    2.126908542186140e-003
    2.381386804961369e-003    2.063634009186609e-003    1.088822772124049e-003   -3.360819493464543e-004   -1.748427677599165e-003
   -2.457742113006907e-003   -2.332094722702584e-003   -1.551600567932570e-003   -4.786552930039267e-004    4.859647231684698e-004
    1.029103676972853e-003    1.021638346447985e-003    5.468915355744017e-004   -4.029504697165360e-005   -4.782617832912136e-004
   -6.579786798648015e-004   -5.823576452257272e-004   -3.349393579399269e-004   -3.620949285378811e-005    2.021763296690388e-004
    3.052696264581518e-004    3.002623559386304e-004    2.197923260232421e-004    1.000459366422202e-004   -2.484762240018246e-005
   -1.265629900231091e-004   -1.851207573173630e-004   -1.880291073275222e-004   -1.536957563381530e-004   -1.061248247440694e-004
   -6.071154675256820e-005   -2.319899748946423e-005                         0                         0                         0
                         0                         0                         0                         0                         0
                         0                         0                         0                         0                         0
                         0                         0                         0                         0                         0
                         0                         0                         0                         0                         0
                         0                         0                         0                         0                         0
                         0                         0                         0                         0                         0
                         0                         0                         0                         0                         0
                         0                         0                         0                         0                         0
                         0                         0                         0                         0                         0
                         0                         0                         0                         0                         0
                         0                         0                         0                         0                         0
                         0                         0                         0                         0                         0
                         0                         0                         0                         0                         0
                         0                         0                         0                         0                         0
                         0                         0                         0                         0                         0
                         0                         0                         0                         0                         0
                         0                         0                         0                         0                         0
                         0                         0                         0                         0                         0
                         0                         0                         0                         0                         0
                         0                         0                         0                         0                         0
                         0                         0                         0                         0                         0
                         0                         0                         0                         0                         0
                         0                         0                         0                         0                         0